0.000000000000000000e+00,0.000000000000000000e+00,0.000000000000000000e+00,0.000000000000000000e+00,0.000000000000000000e+00,0.000000000000000000e+00,0.000000000000000000e+00,0.000000000000000000e+00,0.000000000000000000e+00,0.000000000000000000e+00,0.000000000000000000e+00,0.000000000000000000e+00,0.000000000000000000e+00,0.000000000000000000e+00,0.000000000000000000e+00,0.000000000000000000e+00,0.000000000000000000e+00,0.000000000000000000e+00,0.000000000000000000e+00,0.000000000000000000e+00,0.000000000000000000e+00,0.000000000000000000e+00,0.000000000000000000e+00,0.000000000000000000e+00,0.000000000000000000e+00,0.000000000000000000e+00,0.000000000000000000e+00,0.000000000000000000e+00,0.000000000000000000e+00,0.000000000000000000e+00,0.000000000000000000e+00,0.000000000000000000e+00,0.000000000000000000e+00,0.000000000000000000e+00,0.000000000000000000e+00,0.000000000000000000e+00,0.000000000000000000e+00,0.000000000000000000e+00,0.000000000000000000e+00,0.000000000000000000e+00,0.000000000000000000e+00,0.000000000000000000e+00,0.000000000000000000e+00,0.000000000000000000e+00,0.000000000000000000e+00,0.000000000000000000e+00,0.000000000000000000e+00,0.000000000000000000e+00,0.000000000000000000e+00,0.000000000000000000e+00,0.000000000000000000e+00,0.000000000000000000e+00,0.000000000000000000e+00,0.000000000000000000e+00,0.000000000000000000e+00,0.000000000000000000e+00,0.000000000000000000e+00,0.000000000000000000e+00,0.000000000000000000e+00,0.000000000000000000e+00,0.000000000000000000e+00,0.000000000000000000e+00,0.000000000000000000e+00,0.000000000000000000e+00,0.000000000000000000e+00
0.000000000000000000e+00,-2.858352233330614371e-10,-6.394046321791895724e-10,-1.071895162892445811e-09,-1.595991440455084571e-09,-2.226039741851943217e-09,-2.978225137060298769e-09,-3.870762109839686267e-09,-4.924098805929086717e-09,-6.161134861975607094e-09,-7.607452526861436592e-09,-9.291560490394868342e-09,-1.124514947391452565e-08,-1.350335820343255825e-08,-1.610504786748132784e-08,-1.909308254641172357e-08,-2.251461237356994720e-08,-2.642135533589712850e-08,-3.086987262450854784e-08,-3.592183128508598962e-08,-4.164424657151520982e-08,-4.810969484964444949e-08,-5.539648610405324420e-08,-6.358878303896442364e-08,-7.277665140123199802e-08,-8.305602345136420720e-08,-9.452855342651524032e-08,-1.073013403317799516e-07,-1.214864894128202810e-07,-1.372004791488609333e-07,-1.545632955002343822e-07,-1.736972893833194263e-07,-1.947257068566312715e-07,-2.177708342078677665e-07,-2.429516919498541524e-07,-2.703812025745944174e-07,-3.001627466842666371e-07,-3.323860107157260644e-07,-3.671220167955919236e-07,-4.044172111966645980e-07,-4.442864723002873448e-07,-4.867048817883130844e-07,-5.315980838772739855e-07,-5.788310366527087678e-07,-6.281949368543421277e-07,-6.793920747019318129e-07,-7.320183484475019080e-07,-7.855431392197698283e-07,-8.392862153399077848e-07,-8.923913016128321690e-07,-9.437959131494482349e-07,-9.921970151134196990e-07,-1.036012029527195026e-06,-1.073334668101034655e-06,-1.101885026231359094e-06,-1.118953328214697547e-06,-1.121336667818552616e-06,-1.105268042254073397e-06,-1.066336932077040604e-06,-9.994006355560904603e-07,-8.984855247524669696e-07,-7.566773533584248537e-07,-5.659997149223333101e-07,-3.172797264419395510e-07,0.000000000000000000e+00
0.000000000000000000e+00,-4.954540551408167981e-10,-1.108313102519765262e-09,-1.857964516972721138e-09,-2.766390281050118613e-09,-3.858450852074187967e-09,-5.162191817001003520e-09,-6.709173852794762763e-09,-8.534826243023472716e-09,-1.067882386483570279e-08,-1.318548714198486228e-08,-1.610420394587045082e-08,-1.948987180266999342e-08,-2.340335801361221600e-08,-2.791197439821712519e-08,-3.308996230542860114e-08,-3.901898228086407601e-08,-4.578860130282708584e-08,-5.349676877492241661e-08,-6.225027045512023070e-08,-7.216514717197412023e-08,-8.336706248604655799e-08,-9.599160035123943854e-08,-1.101844702641429234e-07,-1.261015933014171036e-07,-1.439090377709646740e-07,-1.637827678707715023e-07,-1.859081626809221943e-07,-2.104792559226116988e-07,-2.376976391077135033e-07,-2.677709618693126271e-07,-3.009109532938926678e-07,-3.373308768459665510e-07,-3.772423188521681370e-07,-4.208511963501476549e-07,-4.683528542536741501e-07,-5.199261040747160614e-07,-5.757260367019083056e-07,-6.358754197798086067e-07,-7.004544658743596059e-07,-7.694887306505977374e-07,-8.429348705290443666e-07,-9.206639565267052471e-07,-1.002442005029740745e-06,-1.087907346897674043e-06,-1.176544413387155830e-06,-1.267653470750368846e-06,-1.360315784881597609e-06,-1.453353642965608352e-06,-1.545284600683828427e-06,-1.634269261182189959e-06,-1.718051825800716085e-06,-1.793892586708533202e-06,-1.858491458396623398e-06,-1.907901568912387205e-06,-1.937431853402512283e-06,-1.941537512789326797e-06,-1.913697120300739603e-06,-1.846275079436798297e-06,-1.730368060434988853e-06,-1.555633970404671859e-06,-1.310101947470496660e-06,-9.799618144077979881e-07,-5.493313858281367053e-07,0.000000000000000000e+00
0.000000000000000000e+00,-6.462475452731794370e-10,-1.445627570995194883e-09,-2.423420451496352389e-09,-3.608287807958821121e-09,-5.032642045476617762e-09,-6.733045497036665409e-09,-8.750639838143522566e-09,-1.113160608807678723e-08,-1.392765507524796015e-08,-1.719654769908551691e-08,-2.100264365209971123e-08,-2.541747645378470110e-08,-3.052035167081553863e-08,-3.639896403080794056e-08,-4.315002775183338363e-08,-5.087991277556470915e-08,-5.970527767318045712e-08,-6.975368775052342270e-08,-8.116420426834352862e-08,-9.408792766538237916e-08,-1.086884741714882647e-07,-1.251423611634696122e-07,-1.436392719796804082e-07,-1.643821655944735690e-07,-1.875871904765461610e-07,-2.134833550227134769e-07,-2.423118990680861068e-07,-2.743253020118334209e-07,-3.097858529405210965e-07,-3.489636966424293161e-07,-3.921342564379819814e-07,-4.395749201422131970e-07,-4.915608590505284617e-07,-5.483598314108437925e-07,-6.102258012119004263e-07,-6.773911800642138308e-07,-7.500574742492752615e-07,-8.283840904249108722e-07,-9.124750217511044211e-07,-1.002363101083741287e-06,-1.097991469111779532e-06,-1.199191862622968392e-06,-1.305659281215089027e-06,-1.416922539473799377e-06,-1.532310155682322964e-06,-1.650910967305091121e-06,-1.771528797628362140e-06,-1.892630426924092972e-06,-2.012286045274758723e-06,-2.128101282781232671e-06,-2.237139826403700122e-06,-2.335835541410361002e-06,-2.419892919740107054e-06,-2.484174578114390714e-06,-2.522574426273538680e-06,-2.527875021333586025e-06,-2.491587519339085221e-06,-2.403772531355083153e-06,-2.252840091043621463e-06,-2.025326846225664068e-06,-1.705648501608672892e-06,-1.275825467457950776e-06,-7.151796140182816230e-07,0.000000000000000000e+00
0.000000000000000000e+00,-7.516838493577030644e-10,-1.681475692522224131e-09,-2.818768289339996115e-09,-4.196882460047629769e-09,-5.853495756959731814e-09,-7.831105387681104823e-09,-1.017752614383866634e-08,-1.294642368532035653e-08,-1.619788302067006191e-08,-1.999901139164016161e-08,-2.442457399402960079e-08,-2.955766002530918550e-08,-3.549037541672624650e-08,-4.232455725491468249e-08,-5.017250329324311644e-08,-5.915770805992522418e-08,-6.941559484756416988e-08,-8.109423027163209604e-08,-9.435500506226627054e-08,-1.093732612475098331e-07,-1.263388418329032825e-07,-1.454565344109609643e-07,-1.669463747653260034e-07,-1.910437703802590431e-07,-2.179993967289793177e-07,-2.480788111861637699e-07,-2.815617202713880133e-07,-3.187408255500009215e-07,-3.599201617516011444e-07,-4.054128273558077433e-07,-4.555379928679310863e-07,-5.106170550758042209e-07,-5.709687865402902094e-07,-6.369033082067453117e-07,-7.087146890980952170e-07,-7.866719503114895062e-07,-8.710082207243105428e-07,-9.619077586422123690e-07,-1.059490516800661796e-06,-1.163793887361319201e-06,-1.274751218518750639e-06,-1.392166644742731964e-06,-1.515685718222295135e-06,-1.644761269455534229e-06,-1.778613859869881011e-06,-1.916186118615992225e-06,-2.056090179052389568e-06,-2.196547347781550494e-06,-2.335319050340652694e-06,-2.469628002814776845e-06,-2.596068457870075042e-06,-2.710504267286965920e-06,-2.807953391475565020e-06,-2.882457370356649661e-06,-2.926934150326770366e-06,-2.933012540031840266e-06,-2.890846444940861162e-06,-2.788906909244971313e-06,-2.613749875892266874e-06,-2.349757464646601875e-06,-1.978850467608433733e-06,-1.480169676069323653e-06,-8.297235871350752683e-07,0.000000000000000000e+00
0.000000000000000000e+00,-8.221749410596123140e-10,-1.839149088470840090e-09,-3.083054995048802455e-09,-4.590315025084580863e-09,-6.402108647403287236e-09,-8.564876938070467958e-09,-1.113086509300369370e-08,-1.415870330932436134e-08,-1.771402583817913390e-08,-2.187012732157979140e-08,-2.670865467992989040e-08,-3.232033179086478684e-08,-3.880571296620740355e-08,-4.627595976109187312e-08,-5.485363390256817426e-08,-6.467349706483212919e-08,-7.588330580036565369e-08,-8.864458711103857612e-08,-1.031333768550168037e-07,-1.195408993719082409e-07,-1.380741623004751457e-07,-1.589564354829432733e-07,-1.824275770111353846e-07,-2.087441627764194219e-07,-2.381793682313679128e-07,-2.710225423381862262e-07,-3.075784037372381370e-07,-3.481657778748683630e-07,-3.931157810255512360e-07,-4.427693426563782011e-07,-4.974739412234141738e-07,-5.575794100541480878e-07,-6.234326492357079796e-07,-6.953710561546695709e-07,-7.737144612635646184e-07,-8.587553265065755523e-07,-9.507469313308695430e-07,-1.049889235033504511e-06,-1.156312064026427830e-06,-1.270055228112474255e-06,-1.391045120715082881e-06,-1.519067303852806397e-06,-1.653734519159464653e-06,-1.794449501095865939e-06,-1.940361897374000878e-06,-2.090318524245585330e-06,-2.242806100465508600e-06,-2.395885513259971429e-06,-2.547116572422749180e-06,-2.693472104747195450e-06,-2.831240130522020246e-06,-2.955912747079547103e-06,-3.062060221884123136e-06,-3.143188670116690240e-06,-3.191579560158766202e-06,-3.198109156144490795e-06,-3.152045871559865606e-06,-3.040823373904181990e-06,-2.849787150396216167e-06,-2.561912121923071320e-06,-2.157488780908507263e-06,-1.613775233340642725e-06,-9.046124515821343472e-07,0.000000000000000000e+00
0.000000000000000000e+00,-8.657607719078809510e-10,-1.936633550598284905e-09,-3.246433731113112752e-09,-4.833485724812455724e-09,-6.741113065387148655e-09,-9.018167381815700327e-09,-1.171959705067381784e-08,-1.490705587589457261e-08,-1.864955155972831243e-08,-2.302413300411271317e-08,-2.811661459435772078e-08,-3.402233454144186212e-08,-4.084694306646298295e-08,-4.870721466836103105e-08,-5.773187688730159890e-08,-6.806244581986804858e-08,-7.985405611217695351e-08,-9.327627020126989862e-08,-1.085138481354647279e-07,-1.257674553156516982e-07,-1.452542808890471792e-07,-1.672085342134672869e-07,-1.918817807033327952e-07,-2.195430713677400575e-07,-2.504788123444283543e-07,-2.849923115975519708e-07,-3.234029295451846383e-07,-3.660447485635865324e-07,-4.132646629137255222e-07,-4.654197754695135116e-07,-5.228739704981150072e-07,-5.859935124341239229e-07,-6.551414988669055675e-07,-7.306709715706052199e-07,-8.129164620773123829e-07,-9.021837177348466425e-07,-9.987373200932849307e-07,-1.102785869503408767e-06,-1.214464367646054471e-06,-1.333813382992127881e-06,-1.460754532559041616e-06,-1.595061756417458449e-06,-1.736327798852624679e-06,-1.883925241548051761e-06,-2.036961359307784936e-06,-2.194225987371005119e-06,-2.354131501050104397e-06,-2.514643913055390002e-06,-2.673203991354426809e-06,-2.826637190757179463e-06,-2.971051074760002003e-06,-3.101718780828407783e-06,-3.212946952760163619e-06,-3.297926428800734925e-06,-3.348563834829431497e-06,-3.355292089590702862e-06,-3.306857685412910112e-06,-3.190082465416726218e-06,-2.989597479702230967e-06,-2.687546371896784558e-06,-2.263255627963185805e-06,-1.692868916378931865e-06,-9.489426687408644770e-07,0.000000000000000000e+00
0.000000000000000000e+00,-8.886469315718609198e-10,-1.987811602307751685e-09,-3.332179357159860072e-09,-4.961054204158923128e-09,-6.918859597488231853e-09,-9.255678748252034652e-09,-1.202783526166427383e-08,-1.529851442335351323e-08,-1.913842485912505581e-08,-2.362649955142219366e-08,-2.885063428894334372e-08,-3.490846052744321917e-08,-4.190814832035434706e-08,-4.996923340443477394e-08,-5.922346066091570276e-08,-6.981563397466354096e-08,-8.190445993557298439e-08,-9.566336981488468811e-08,-1.112813007451046870e-07,-1.289634129693154150e-07,-1.489317153297290929e-07,-1.714255657534938014e-07,-1.967020072736943801e-07,-2.250358929924445586e-07,-2.567197452368266136e-07,-2.920632848506413447e-07,-3.313925559656214860e-07,-3.750485595504501582e-07,-4.233852953747873701e-07,-4.767670965620311373e-07,-5.355651234349459271e-07,-6.001528636603066451e-07,-6.709004635313232183e-07,-7.481676903291578438e-07,-8.322952977972952201e-07,-9.235945355451837702e-07,-1.022334508352247298e-06,-1.128727052534052761e-06,-1.242908753407849838e-06,-1.364919680090338049e-06,-1.494678361003253054e-06,-1.631952465174494551e-06,-1.776324590329223801e-06,-1.927152488501342252e-06,-2.083522983116907996e-06,-2.244198747894306967e-06,-2.407557027206449572e-06,-2.571519279555648550e-06,-2.733470620406048435e-06,-2.890167827792914481e-06,-3.037634554012224088e-06,-3.171042259585756622e-06,-3.284575252102694145e-06,-3.371278073214018750e-06,-3.422883333057274120e-06,-3.429617944127497128e-06,-3.379985557916810519e-06,-3.260522859841458595e-06,-3.055527233955070107e-06,-2.746753172265413189e-06,-2.313074678447930691e-06,-1.730110807577627436e-06,-9.698113983776539432e-07,0.000000000000000000e+00
0.000000000000000000e+00,-8.956252647287441486e-10,-2.003403291717341003e-09,-3.358265253578903172e-09,-4.999786672143794494e-09,-6.972689608295411499e-09,-9.327384283452599084e-09,-1.212055089875707072e-08,-1.541576193884644543e-08,-1.928414464563758489e-08,-2.380508260350218041e-08,-2.906695446771633038e-08,-3.516790676723675010e-08,-4.221665639145408915e-08,-5.033331679561591615e-08,-5.965024009391386996e-08,-7.031286501094766494e-08,-8.248055808436583871e-08,-9.632743250111197572e-08,-1.120431254476287980e-07,-1.298335107942189796e-07,-1.499213192412984335e-07,-1.725466326475628341e-07,-1.979672130446216363e-07,-2.264586197164356579e-07,-2.583140595704454508e-07,-2.938439067235666956e-07,-3.333748166297237594e-07,-3.772483480310345553e-07,-4.258189923512418856e-07,-4.794514946797601810e-07,-5.385173330123840395e-07,-6.033902026961403243e-07,-6.744403308276464034e-07,-7.520274204133033768e-07,-8.364919961324098139e-07,-9.281448922475153712e-07,-1.027254588257319196e-06,-1.134032058945357907e-06,-1.248612762185333478e-06,-1.371035339850391916e-06,-1.501216554058255365e-06,-1.638921922381039887e-06,-1.783731451173533143e-06,-1.934999795451532406e-06,-2.091810096426758723e-06,-2.252920663552205504e-06,-2.416703576472879366e-06,-2.581074183396167682e-06,-2.743410365962186733e-06,-2.900460326683922233e-06,-3.048237533553385241e-06,-3.181901327756109281e-06,-3.295621565092977991e-06,-3.382425520417446889e-06,-3.434025138201036062e-06,-3.440622562642173830e-06,-3.390691729357195020e-06,-3.270733649957137769e-06,-3.065002873617373121e-06,-2.755202469655506792e-06,-2.320144746485875390e-06,-1.735374810343269881e-06,-9.727539781064573799e-07,0.000000000000000000e+00
0.000000000000000000e+00,-8.904014015529397602e-10,-1.991698793628089694e-09,-3.338591246790707278e-09,-4.970383786219977419e-09,-6.931483954277881741e-09,-9.271937140540456045e-09,-1.204800139930520488e-08,-1.532276199882208607e-08,-1.916678535025563098e-08,-2.365881122775542970e-08,-2.888648129152632304e-08,-3.494710083802943103e-08,-4.194842939667465524e-08,-5.000949423815920159e-08,-5.926141901940408383e-08,-6.984825762267038079e-08,-8.192782070560548362e-08,-9.567247951264144097e-08,-1.112699280479904317e-07,-1.289238807110025380e-07,-1.488546778726657373e-07,-1.712997665456496284e-07,-1.965140171781731860e-07,-2.247698305822859562e-07,-2.563569809766799201e-07,-2.915821319571166003e-07,-3.307679517647764877e-07,-3.742517423503398404e-07,-4.223834832598442802e-07,-4.755231761108601410e-07,-5.340373581800810917e-07,-5.982946341631422190e-07,-6.686600532519123502e-07,-7.454881340412059769e-07,-8.291143121431401661e-07,-9.198445544500274525e-07,-1.017942849423184787e-06,-1.123616244253709641e-06,-1.236997056883994805e-06,-1.358121843322712462e-06,-1.486906648048120029e-06,-1.623118007185464178e-06,-1.766339110175230074e-06,-1.915930455439205840e-06,-2.070984258738075308e-06,-2.230271789164141542e-06,-2.392182716737444807e-06,-2.554655457144789660e-06,-2.715097393134470530e-06,-2.870293738414399238e-06,-3.016303688693987714e-06,-3.148342376021612446e-06,-3.260647007268298229e-06,-3.346325426209571362e-06,-3.397185192177250033e-06,-3.403541118061218434e-06,-3.353999058329561211e-06,-3.235213585988028785e-06,-3.031617048876674782e-06,-2.725117353931051118e-06,-2.294761697317032895e-06,-1.716363343869766996e-06,-9.620884672310509528e-07,0.000000000000000000e+00
0.000000000000000000e+00,-8.758485976616852074e-10,-1.959126197391433893e-09,-3.283935322814318637e-09,-4.888897443290027044e-09,-6.817638621567044554e-09,-9.119312844862247311e-09,-1.184916370449777141e-08,-1.506912462186751623e-08,-1.884845723378458864e-08,-2.326442682885836566e-08,-2.840301284665237153e-08,-3.435965138829078463e-08,-4.124000541299401722e-08,-4.916075677822038197e-08,-5.825041248612242026e-08,-6.865011538584941103e-08,-8.051444710478656079e-08,-9.401220809145667037e-08,-1.093271562916593248e-07,-1.266586820836930829e-07,-1.462223925967686356e-07,-1.682505733490561119e-07,-1.929924891789558394e-07,-2.207144796056215336e-07,-2.516997959316864868e-07,-2.862481184694393852e-07,-3.246746820949166577e-07,-3.673089267615417994e-07,-4.144925764695893237e-07,-4.665770353066279692e-07,-5.239199723464722626e-07,-5.868809482004708571e-07,-6.558159146164104992e-07,-7.310703944579205639e-07,-8.129711223918848225e-07,-9.018158963632365799e-07,-9.978613561262553548e-07,-1.101308367390433390e-06,-1.212284648171495399e-06,-1.330824227343561575e-06,-1.456843273784795430e-06,-1.590111777507476156e-06,-1.730220501374793982e-06,-1.876542553048009024e-06,-2.028188851313041586e-06,-2.183956678565896303e-06,-2.342270421696121919e-06,-2.501113506658409450e-06,-2.657950427506895076e-06,-2.809637658528371720e-06,-2.952322118425429990e-06,-3.081325728505636939e-06,-3.191014472967821123e-06,-3.274650229322823679e-06,-3.324223491719672288e-06,-3.330264960793504763e-06,-3.281633822347554273e-06,-3.165280385952259319e-06,-2.965980606182678975e-06,-2.666039867172785678e-06,-2.244963279656775785e-06,-1.679089623786062554e-06,-9.411859768545534751e-07,0.000000000000000000e+00
0.000000000000000000e+00,-8.542035151529737686e-10,-1.910689439811001362e-09,-3.202687711177924801e-09,-4.767823654327523699e-09,-6.648588792846264256e-09,-8.892847955422039175e-09,-1.155438328341913834e-08,-1.469347528930434681e-08,-1.837752054731593727e-08,-2.268168489742444216e-08,-2.768959019043276967e-08,-3.349403157224004910e-08,-4.019772107197504388e-08,-4.791405179154092158e-08,-5.676787525885844918e-08,-6.689628246515064058e-08,-7.844937671453007849e-08,-9.159102362304541429e-08,-1.064995603593154785e-07,-1.233684424582931436e-07,-1.424068021944967731e-07,-1.638398874938933215e-07,-1.879093446080991894e-07,-2.148733011742201200e-07,-2.450061987310302174e-07,-2.785983151377964271e-07,-3.159549075133082454e-07,-3.573948951327927645e-07,-4.032489890273439703e-07,-4.538571606457890730e-07,-5.095653256667797418e-07,-5.707211006750359038e-07,-6.376684697067659027e-07,-7.107411743719923005e-07,-7.902546151024588897e-07,-8.764960217591151219e-07,-9.697126190491672353e-07,-1.070097475616591896e-06,-1.177772684931442308e-06,-1.292769480846672503e-06,-1.415004840539086905e-06,-1.544254072118250910e-06,-1.680118823086873398e-06,-1.821989878686843776e-06,-1.969004045600143461e-06,-2.119994336151917714e-06,-2.273432580783139702e-06,-2.427363501876633671e-06,-2.579329179863136832e-06,-2.726282732832010913e-06,-2.864489913679282729e-06,-2.989417204355246319e-06,-3.095604855432294264e-06,-3.176523181642758369e-06,-3.224410281165173456e-06,-3.230089199533209881e-06,-3.182762409777027954e-06,-3.069781330928023336e-06,-2.876388460027496981e-06,-2.585429551625284800e-06,-2.177033147531966483e-06,-1.628254643254576434e-06,-9.126819820461737054e-07,0.000000000000000000e+00
0.000000000000000000e+00,-8.272164851416570783e-10,-1.850304429232594143e-09,-3.101414337916802540e-09,-4.616941444282715820e-09,-6.437978830114916575e-09,-8.610805243442163493e-09,-1.118740815497585511e-08,-1.422604215586501545e-08,-1.779182225046722654e-08,-2.195735092282820003e-08,-2.680337703423445413e-08,-3.241948361885614715e-08,-3.890480045945612698e-08,-4.636873591639892514e-08,-5.493172081800754540e-08,-6.472595526175648957e-08,-7.589614688227534818e-08,-8.860022646684065892e-08,-1.030100236893491330e-07,-1.193118821305715304e-07,-1.377071885895160556e-07,-1.584127868936979991e-07,-1.816612409019610735e-07,-2.077009050694223316e-07,-2.367957537066698493e-07,-2.692249117993496495e-07,-3.052818208319032736e-07,-3.452729623386945598e-07,-3.895160497305694352e-07,-4.383375851423520071e-07,-4.920696624273322278e-07,-5.510458797807877521e-07,-6.155962055795695668e-07,-6.860406186327267685e-07,-7.626813188831803041e-07,-8.457932763964504662e-07,-9.356128549135712248e-07,-1.032324211006618819e-06,-1.136043130614254078e-06,-1.246797921092935234e-06,-1.364506928526903787e-06,-1.488952196517281618e-06,-1.619748723636449924e-06,-1.756308711810350880e-06,-1.897800126714091226e-06,-2.043098813494088512e-06,-2.190733326458780174e-06,-2.338821539558075968e-06,-2.484998005319627241e-06,-2.626330923341248610e-06,-2.759227465488270641e-06,-2.879326083797496734e-06,-2.981374299118159401e-06,-3.059090334324938725e-06,-3.105006816394128744e-06,-3.110294627946189366e-06,-3.064564842621725997e-06,-2.955646531929484447e-06,-2.769338086579750628e-06,-2.489129556018565354e-06,-2.095893379858440295e-06,-1.567540768951092321e-06,-8.786408977205437798e-07,0.000000000000000000e+00
0.000000000000000000e+00,-7.962662658038594858e-10,-1.781055757084637689e-09,-2.985287179351168614e-09,-4.443953632193030734e-09,-6.196556028656229636e-09,-8.287569470550171132e-09,-1.076694305968563210e-08,-1.369063320195527184e-08,-1.712116993471811479e-08,-2.112825516133457480e-08,-2.578939089090225143e-08,-3.119053463472805807e-08,-3.742677797946206188e-08,-4.460304301257162619e-08,-5.283478968783269308e-08,-6.224872535166720706e-08,-7.298350546589638207e-08,-8.519041201425564009e-08,-9.903399311872054785e-08,-1.146926439609797720e-07,-1.323591051410600872e-07,-1.522408500382509805e-07,-1.745603274897473473e-07,-1.995550200810977491e-07,-2.274772714506290153e-07,-2.585938281371821779e-07,-2.931850325241977990e-07,-3.315435932174054849e-07,-3.739728475877536844e-07,-4.207844180497358411e-07,-4.722951487455434604e-07,-5.288231924673550658e-07,-5.906830986552841772e-07,-6.581797319193959895e-07,-7.316008264938193001e-07,-8.112079550623377232e-07,-8.972256602016343676e-07,-9.898284629550916364e-07,-1.089125425443827569e-06,-1.195141902593608059e-06,-1.307798071645067141e-06,-1.426883776749626344e-06,-1.552029169260582657e-06,-1.682670561936374001e-06,-1.818010846821136990e-06,-1.956973751717055141e-06,-2.098151128609426911e-06,-2.239742378892642403e-06,-2.379485024585900878e-06,-2.514575331821523292e-06,-2.641577782752016095e-06,-2.756322074812853057e-06,-2.853786202334708272e-06,-2.927964045376635401e-06,-2.971715755171221296e-06,-2.976599085869888836e-06,-2.932679679864935386e-06,-2.828318170800882505e-06,-2.649931826949639837e-06,-2.381728320996363824e-06,-2.005409084255183731e-06,-1.499839588507856236e-06,-8.406838025698715466e-07,0.000000000000000000e+00
0.000000000000000000e+00,-7.624472549137702079e-10,-1.705391797333648846e-09,-2.858411347397035775e-09,-4.254973887295791894e-09,-5.932850027462031799e-09,-7.934556503435624022e-09,-1.030783122233676623e-08,-1.310613987333603474e-08,-1.638921361410611346e-08,-2.022361672910745166e-08,-2.468334240776222981e-08,-2.985043389078102935e-08,-3.581562715811212453e-08,-4.267901005617113987e-08,-5.055069125577937744e-08,-5.955147066241362551e-08,-6.981350082952316663e-08,-8.148092651163578250e-08,-9.471048668927411478e-08,-1.096720601489521568e-07,-1.265491319487385251e-07,-1.455391537757610701e-07,-1.668537662311741291e-07,-1.907188453761465222e-07,-2.173743293451283659e-07,-2.470737733749037472e-07,-2.800835730928844631e-07,-3.166817862259050314e-07,-3.571564718877865214e-07,-4.018034541213911973e-07,-4.509234022341502638e-07,-5.048181044833383289e-07,-5.637857936292347636e-07,-6.281153625525725306e-07,-6.980792852801492273e-07,-7.739250331125835733e-07,-8.558647468152274420e-07,-9.440628937126058111e-07,-1.038621602696652313e-06,-1.139563330281430539e-06,-1.246810466561443218e-06,-1.360161440896418999e-06,-1.479262832988004457e-06,-1.603576935369494263e-06,-1.732344147844991672e-06,-1.864539512754456344e-06,-1.998822621802721298e-06,-2.133480040315869177e-06,-2.266359302983108773e-06,-2.394793436295018865e-06,-2.515514856997490129e-06,-2.624557383077766016e-06,-2.717144974388642944e-06,-2.787565694509639042e-06,-2.829029254603842551e-06,-2.833506364921718236e-06,-2.791547981655437656e-06,-2.692082397911452783e-06,-2.522187989997996366e-06,-2.266839296954196884e-06,-1.908623985892839540e-06,-1.427428142686861877e-06,-8.000872320979351446e-07,0.000000000000000000e+00
0.000000000000000000e+00,-7.266354520522967065e-10,-1.625272273392919606e-09,-2.724072502078285555e-09,-4.054895178779862028e-09,-5.653686830350441154e-09,-7.560901217444084983e-09,-9.821948706774783319e-09,-1.248767524362798514e-08,-1.561487042302991883e-08,-1.926680357365947895e-08,-2.351378606031013478e-08,-2.843375715938506174e-08,-3.411288984591791125e-08,-4.064621162550615398e-08,-4.813823412267614485e-08,-5.670358346735850075e-08,-6.646762156809986090e-08,-7.756704608465974245e-08,-9.015045426897367364e-08,-1.043788527817487599e-07,-1.204260920555660615e-07,-1.384791997007024331e-07,-1.587385827656393762e-07,-1.814180632905457812e-07,-2.067447054396199245e-07,-2.349583854674163374e-07,-2.663110477542117351e-07,-3.010655810127845259e-07,-3.394942383870419103e-07,-3.818765133806370511e-07,-4.284963702046623968e-07,-4.796387120347601793e-07,-5.355849536195710929e-07,-5.966075454661711288e-07,-6.629632752075677766e-07,-7.348851474768558949e-07,-8.125726163982950515e-07,-8.961799143645932363e-07,-9.858021867924948665e-07,-1.081459104709600822e-06,-1.183075584985594513e-06,-1.290459201431890337e-06,-1.403273818501320550e-06,-1.521008922570016638e-06,-1.642944063431827390e-06,-1.768107750352484091e-06,-1.895230072516709481e-06,-2.022688232698073106e-06,-2.148444095290114732e-06,-2.269972755336583184e-06,-2.384181033869978322e-06,-2.487314696819771024e-06,-2.574853080255401352e-06,-2.641389684250934446e-06,-2.680497171905549804e-06,-2.684575080021222743e-06,-2.644678414965034489e-06,-2.550325173073312509e-06,-2.389280691811866770e-06,-2.147316608572440818e-06,-1.807942081891699277e-06,-1.352104819207124492e-06,-7.578593610606645488e-07,0.000000000000000000e+00
0.000000000000000000e+00,-6.895381248531134038e-10,-1.542279373395131866e-09,-2.584923162063095379e-09,-3.847667259343333164e-09,-5.364575970244832780e-09,-7.173975710591565445e-09,-9.318878276973981590e-09,-1.184743175341014600e-08,-1.481339854442799941e-08,-1.827665947249453184e-08,-2.230374220973575661e-08,-2.696837151186387895e-08,-3.235203776593244033e-08,-3.854457923009548122e-08,-4.564477200707476614e-08,-5.376092022429242035e-08,-6.301143705958723712e-08,-7.352540511483906436e-08,-8.544310215866915539e-08,-9.891647538635768054e-08,-1.141095440269868346e-07,-1.311987063047475003e-07,-1.503729223661893905e-07,-1.718337397426795021e-07,-1.957951221432594564e-07,-2.224830357733421817e-07,-2.521347398444584505e-07,-2.849977193628681289e-07,-3.213281885309221812e-07,-3.613890820214146744e-07,-4.054474388338454829e-07,-4.537710692388848701e-07,-5.066243792731729654e-07,-5.642632091533035324e-07,-6.269285216100459379e-07,-6.948387532578441048e-07,-7.681806164485029910e-07,-8.470981103318880838e-07,-9.316794677637158890e-07,-1.021941728948610276e-06,-1.117812592960037791e-06,-1.219109154201613182e-06,-1.325513082124753208e-06,-1.436541748753419249e-06,-1.551514749451813220e-06,-1.669515197584524127e-06,-1.789345102965693673e-06,-1.909474067017974192e-06,-2.027980444161566983e-06,-2.142484028999490307e-06,-2.250069232323720796e-06,-2.347197605925079670e-06,-2.429608466886148085e-06,-2.492206256895539425e-06,-2.528933151794840600e-06,-2.532625311980655914e-06,-2.494851036684081042e-06,-2.405728956175286382e-06,-2.253724267683897956e-06,-2.025420895910604681e-06,-1.705267340675192099e-06,-1.275293866461544734e-06,-7.147985961663624696e-07,0.000000000000000000e+00
0.000000000000000000e+00,-6.517310581398266734e-10,-1.457701089408607777e-09,-2.443122453311746718e-09,-3.636504824409104659e-09,-5.070000988574174440e-09,-6.779778173301752055e-09,-8.806415167312486949e-09,-1.119532514040654015e-08,-1.399720364933154122e-08,-1.726850079641745463e-08,-2.107191588022650853e-08,-2.547691212484816533e-08,-3.056024817789343275e-08,-3.640652200538592801e-08,-4.310872156047274067e-08,-5.076877513490154489e-08,-5.949809258669928734e-08,-6.941808663963282821e-08,-8.066066113055776536e-08,-9.336865039540453016e-08,-1.076961908834561727e-07,-1.238090025166803051e-07,-1.418845532031864712e-07,-1.621120752007450318e-07,-1.846923966285918629e-07,-2.098375452549532841e-07,-2.377700746451864994e-07,-2.687220547312071472e-07,-3.029336597349645179e-07,-3.406512760119113937e-07,-3.821250406255131868e-07,-4.276057081564978045e-07,-4.773407282107359791e-07,-5.315693991204924269e-07,-5.905169442214773593e-07,-6.543873356010252966e-07,-7.233546661017885983e-07,-7.975528433639111169e-07,-8.770633495137722469e-07,-9.619007764604675579e-07,-1.051995809330763389e-06,-1.147175289037114062e-06,-1.247138939003048047e-06,-1.351432290335732435e-06,-1.459415283912068789e-06,-1.570225966620418365e-06,-1.682738632086673870e-06,-1.795515683357658005e-06,-1.906752416014284655e-06,-2.014213834906025529e-06,-2.115162526091179179e-06,-2.206276507700443694e-06,-2.283555879523555063e-06,-2.342216981533680175e-06,-2.376572656909198553e-06,-2.379897096242865439e-06,-2.344273617707371672e-06,-2.260423614503342442e-06,-2.117514777911811252e-06,-1.902946584173438069e-06,-1.602110919275451927e-06,-1.198125611279616226e-06,-6.715385495913320381e-07,0.000000000000000000e+00
0.000000000000000000e+00,-6.136864061332129227e-10,-1.372593535765709350e-09,-2.300440617719651483e-09,-3.424043199548866326e-09,-4.773636726111059755e-09,-6.383223834845502131e-09,-8.290945576889454259e-09,-1.053947644942436149e-08,-1.317644272557618515e-08,-1.625486308180529886e-08,-1.983360993540747656e-08,-2.397788920108093559e-08,-2.875973533800587280e-08,-3.425851756772925008e-08,-4.056145197592144754e-08,-4.776411284241016507e-08,-5.597093494511671973e-08,-6.529569672222077657e-08,-7.586197201647193106e-08,-8.780353562478994202e-08,-1.012647049886317218e-07,-1.164005970337136104e-07,-1.333772753426759226e-07,-1.523717584550911671e-07,-1.735718550617666128e-07,-1.971757861116393489e-07,-2.233915472871841822e-07,-2.524359578249231648e-07,-2.845333331467307642e-07,-3.199137090979806603e-07,-3.588105346197246675e-07,-4.014577372591721695e-07,-4.480860518758903599e-07,-4.989184870444952107e-07,-5.541647857859840804e-07,-6.140147171600765101e-07,-6.786300126839746313e-07,-7.481347362558636565e-07,-8.226038479853812203e-07,-9.020496907841200462e-07,-9.864060934501217439e-07,-1.075509744983560574e-06,-1.169078451682268128e-06,-1.266685840868488258e-06,-1.367732022579929957e-06,-1.471409662917130121e-06,-1.576664859695219002e-06,-1.682152142352877737e-06,-1.786182843522846823e-06,-1.886666009127160101e-06,-1.981040927269572561e-06,-2.066200263605609513e-06,-2.138402692458890431e-06,-2.193173809065421216e-06,-2.225193999511762308e-06,-2.228171831975962477e-06,-2.194701416860825588e-06,-2.116102065750885525e-06,-1.982238461658352040e-06,-1.781319438057442166e-06,-1.499673354605824141e-06,-1.121497956726380490e-06,-6.285825186267659565e-07,0.000000000000000000e+00
0.000000000000000000e+00,-5.757934856010666029e-10,-1.287827475683626012e-09,-2.158337046343854769e-09,-3.212454602795524941e-09,-4.478511616464588140e-09,-5.988362314979915085e-09,-7.777729492691723661e-09,-9.886572306016200836e-09,-1.235947554467207201e-08,-1.524605941565279704e-08,-1.860140832899142156e-08,-2.248651651875723146e-08,-2.696874755309531275e-08,-3.212230386515381626e-08,-3.802870135167433848e-08,-4.477724281434938251e-08,-5.246548253418772237e-08,-6.119967254101417762e-08,-7.109517913490467749e-08,-8.227685589547668678e-08,-9.487935673528053525e-08,-1.090473694663566461e-07,-1.249357467994993438e-07,-1.427095076223178563e-07,-1.625436767356831793e-07,-1.846229258911767484e-07,-2.091409728782097526e-07,-2.362996884620334422e-07,-2.663078530655620980e-07,-2.993794960996166824e-07,-3.357317406460799009e-07,-3.755820646411586264e-07,-4.191448766317751796e-07,-4.666272894122329388e-07,-5.182239582002488080e-07,-5.741108312745780588e-07,-6.344376399479798660e-07,-6.993189311500895577e-07,-7.688234194904217925e-07,-8.429614061930654809e-07,-9.216699794596769954e-07,-1.004795674333786755e-06,-1.092074229707530326e-06,-1.183107035429256130e-06,-1.277333813237516487e-06,-1.374001021173701569e-06,-1.472125411940968495e-06,-1.570452111138924698e-06,-1.667406511212364629e-06,-1.761039201165878868e-06,-1.848963070549092152e-06,-1.928281638941458822e-06,-1.995507569317413344e-06,-2.046470225560621147e-06,-2.076211031517319459e-06,-2.078865282056656940e-06,-2.047528946637321201e-06,-1.974108894184649104e-06,-1.849154856365314243e-06,-1.661671336760190794e-06,-1.398907568658625493e-06,-1.046123527515521969e-06,-5.863299195163152930e-07,0.000000000000000000e+00
0.000000000000000000e+00,-5.383743082874284640e-10,-1.204123078659729432e-09,-2.018018579531091482e-09,-3.003535018792818710e-09,-4.187128977914206804e-09,-5.598540099894668491e-09,-7.271112161802465675e-09,-9.242134379398615999e-09,-1.155320244345391445e-08,-1.425059836460789203e-08,-1.738568769440161417e-08,-2.101533208129154514e-08,-2.520231439710345561e-08,-3.001577281460281752e-08,-3.553163921148169796e-08,-4.183307609838719059e-08,-4.901090489407874246e-08,-5.716401677160238692e-08,-6.639975544408892893e-08,-7.683425911191353812e-08,-8.859274631442745409e-08,-1.018097275741037632e-07,-1.166291214378364595e-07,-1.332042497520778369e-07,-1.516976826912117314e-07,-1.722808991200123762e-07,-1.951337222306288632e-07,-2.204434839623035856e-07,-2.484038643877739746e-07,-2.792133439227652370e-07,-3.130731967609171555e-07,-3.501849432199031605e-07,-3.907471665557959859e-07,-4.349515860980133022e-07,-4.829782630976922272e-07,-5.349897982739408412e-07,-5.911243604755663326e-07,-6.514873639254430343e-07,-7.161415869407460140e-07,-7.850954975707128861e-07,-8.582895209978484313e-07,-9.355799495315371999e-07,-1.016720158300630209e-06,-1.101338748035931030e-06,-1.188914190338897223e-06,-1.278745500281737578e-06,-1.369918405815385214e-06,-1.461266423041166386e-06,-1.551326180733151454e-06,-1.638286266438651254e-06,-1.719928789961037200e-06,-1.793562778060828553e-06,-1.855948426930119680e-06,-1.903211146678000993e-06,-1.930744235160320943e-06,-1.933098917659305413e-06,-1.903860385083698154e-06,-1.835508357740157479e-06,-1.719260595901040289e-06,-1.544897674365256756e-06,-1.300567238471724340e-06,-9.725658666470464223e-07,-5.450965832779317032e-07,0.000000000000000000e+00
0.000000000000000000e+00,-5.016952264541946448e-10,-1.122075981684917688e-09,-1.880483225085264018e-09,-2.798769353499346267e-09,-3.901557997823436036e-09,-5.216522447305853357e-09,-6.774682799872686235e-09,-8.610721673214406917e-09,-1.076331798816464251e-08,-1.327549794370491284e-08,-1.619500183109272430e-08,-1.957466477105246103e-08,-2.347280878897734825e-08,-2.795364285311867226e-08,-3.308766657215441504e-08,-3.895207216135681856e-08,-4.563113801818736349e-08,-5.321660577291904915e-08,-6.180803096883400497e-08,-7.151309554689839005e-08,-8.244786802455688385e-08,-9.473699462564753378e-08,-1.085138015913204578e-07,-1.239202854272639480e-07,-1.411069638609318768e-07,-1.602325557269941676e-07,-1.814634527950923710e-07,-2.049729406175456616e-07,-2.309401187127753464e-07,-2.595484627092695475e-07,-2.909839623401458807e-07,-3.254327592728879420e-07,-3.630781975430657148e-07,-4.040971866816159707e-07,-4.486557633154158307e-07,-4.969037208986835379e-07,-5.489681591017716079e-07,-6.049457840330120305e-07,-6.648937676730206424e-07,-7.288189494202585036e-07,-7.966651342306153907e-07,-8.682982102209488402e-07,-9.434887735282435041e-07,-1.021891909399669840e-06,-1.103023735663073997e-06,-1.186234267627554080e-06,-1.270676111840242517e-06,-1.355268439751783603e-06,-1.438655631028739378e-06,-1.519159909853469914e-06,-1.594727225993670159e-06,-1.662865555710476714e-06,-1.720574715818460155e-06,-1.764266697657056154e-06,-1.789675436788526088e-06,-1.791754839506353031e-06,-1.764563789562669428e-06,-1.701136759028730240e-06,-1.593338547350177630e-06,-1.431701574303695386e-06,-1.205244058020814843e-06,-9.012673213705844246e-07,-5.051303922581277486e-07,0.000000000000000000e+00
0.000000000000000000e+00,-4.659757331163141199e-10,-1.042176984196105891e-09,-1.746553200165415566e-09,-2.599380684428982565e-09,-3.623502519527561382e-09,-4.844585569868826145e-09,-6.291394634739595472e-09,-7.996083577297049812e-09,-9.994502955931335682e-09,-1.232652332170159329e-08,-1.503637290972290710e-08,-1.817298793235433036e-08,-2.179037306524268466e-08,-2.594796898945970252e-08,-3.071102299795907434e-08,-3.615095767404168139e-08,-4.234573148266988415e-08,-4.938018375877601669e-08,-5.734635500350469159e-08,-6.634377157946904799e-08,-7.647968179547905602e-08,-8.786922795133630026e-08,-1.006355361307255722e-07,-1.149097023360791209e-07,-1.308306498984824028e-07,-1.485448289064578895e-07,-1.682057236105536223e-07,-1.899731282986339768e-07,-2.140121459132636122e-07,-2.404918566014465579e-07,-2.695835953416701420e-07,-3.014587686657586108e-07,-3.362861301536419228e-07,-3.742284226851247996e-07,-4.154382822283722401e-07,-4.600532830604862963e-07,-5.081899875678970037e-07,-5.599368449658106401e-07,-6.153457621957913946e-07,-6.744221466845977855e-07,-7.371131943401619795e-07,-8.032941668763762991e-07,-8.727523700442353933e-07,-9.451685083456389674e-07,-1.020095052061245597e-06,-1.096931208684015055e-06,-1.174894042877663093e-06,-1.252985236657276737e-06,-1.329952924433133990e-06,-1.404247975727649693e-06,-1.473974031688384438e-06,-1.536830529972834219e-06,-1.590047876267557642e-06,-1.630313839840642714e-06,-1.653690165479858931e-06,-1.655518305488364770e-06,-1.630313083866566379e-06,-1.571643011436328032e-06,-1.471995876809065881e-06,-1.322628145476196602e-06,-1.113396610053428286e-06,-8.325706514840645351e-07,-4.666233970246349669e-07,0.000000000000000000e+00
0.000000000000000000e+00,-4.313951999404100631e-10,-9.648271282616874927e-10,-1.616900233150664014e-09,-2.406367978401370825e-09,-3.354353729738157189e-09,-4.484587255740471398e-09,-5.823656889490522637e-09,-7.401277170983444039e-09,-9.250571514041114929e-09,-1.140836910711392087e-08,-1.391551485603692826e-08,-1.681719069841971831e-08,-2.016324605240945451e-08,-2.400853449404934105e-08,-2.841325297256474409e-08,-3.344327895487796928e-08,-3.917049982044344776e-08,-4.567312758355219088e-08,-5.303599057812632661e-08,-6.135079207205652814e-08,-7.071632385301488232e-08,-8.123862061003790809e-08,-9.303103838506633934e-08,-1.062142374410393223e-07,-1.209160465373764725e-07,-1.372711817627813662e-07,-1.554207886853804128e-07,-1.755117715697805414e-07,-1.976958676998635861e-07,-2.221284183461360664e-07,-2.489667805285748746e-07,-2.783683153408839621e-07,-3.104878790995326762e-07,-3.454747328284967385e-07,-3.834687734435830825e-07,-4.245959763009512741e-07,-4.689629233522358459e-07,-5.166502738196246503e-07,-5.677050148715982376e-07,-6.221313080346399481e-07,-6.798797227978571472e-07,-7.408346218260710832e-07,-8.047994321553796819e-07,-8.714795034617698739e-07,-9.404622177264019963e-07,-1.011193974133513258e-06,-1.082953628602966304e-06,-1.154821918772384181e-06,-1.225646352326127559e-06,-1.294000979182066209e-06,-1.358140406109628934e-06,-1.415947345850795442e-06,-1.464872921827665826e-06,-1.501868874235882085e-06,-1.523310734072022009e-06,-1.524910948923544492e-06,-1.501620858865258354e-06,-1.447520333503624904e-06,-1.355693793326933363e-06,-1.218091251634032069e-06,-1.025372929405560553e-06,-7.667359169932656192e-07,-4.297212864181762143e-07,0.000000000000000000e+00
0.000000000000000000e+00,-3.980981356754323289e-10,-8.903494679249690930e-10,-1.492065311550007833e-09,-2.220535532130383410e-09,-3.095231287576517173e-09,-4.138022002967109226e-09,-5.373406604445744353e-09,-6.828758829571659265e-09,-8.534586177256307189e-09,-1.052480175313085756e-08,-1.283700789777457506e-08,-1.551279004648414963e-08,-1.859801874971835562e-08,-2.214315717113842994e-08,-2.620357066179380605e-08,-3.083983416917184575e-08,-3.611803226116646586e-08,-4.211004540782592513e-08,-4.889381484566991363e-08,-5.655357682511823478e-08,-6.518005528248672503e-08,-7.487059995168026512e-08,-8.572925460051771381e-08,-9.786673740126638486e-08,-1.114003123778842132e-07,-1.264535273613328800e-07,-1.431557898703698602e-07,-1.616417477526601837e-07,-1.820504361963233500e-07,-2.045241467732110207e-07,-2.292069674112574535e-07,-2.562429345132853686e-07,-2.857737297324154910e-07,-3.179358440572807739e-07,-3.528571207196536243e-07,-3.906525758667547770e-07,-4.314193817821625707e-07,-4.752308815220809007e-07,-5.221294859749743776e-07,-5.721182843576087732e-07,-6.251511768242294312e-07,-6.811213129733837354e-07,-7.398475923672022798e-07,-8.010589525045921491e-07,-8.643761357860441105e-07,-9.292905896507101895e-07,-9.951401130428835201e-07,-1.061080817479122144e-06,-1.126054922068852836e-06,-1.188753848756858279e-06,-1.247576026721819656e-06,-1.300578753261473770e-06,-1.345423392685537655e-06,-1.379313124888920881e-06,-1.398922381684907073e-06,-1.400317032091701390e-06,-1.378864298225670674e-06,-1.329131302125903774e-06,-1.244771061850900797e-06,-1.118394673998607596e-06,-9.414283412256195048e-07,-7.039538296315668965e-07,-3.945308747817250862e-07,0.000000000000000000e+00
0.000000000000000000e+00,-3.661983941525365799e-10,-8.189984875462258495e-10,-1.372474485301595986e-09,-2.042516532439447179e-09,-2.847016239213633470e-09,-3.806065143258759636e-09,-4.942166117400164913e-09,-6.280457540518668139e-09,-7.848949815602578716e-09,-9.678773537575998622e-09,-1.180443827630653312e-08,-1.426410053900712965e-08,-1.709983900155268672e-08,-2.035793453924246405e-08,-2.408915193198993166e-08,-2.834901935289079109e-08,-3.319810085679346275e-08,-3.870225604893272968e-08,-4.493287991252064499e-08,-5.196711438534304922e-08,-5.988802167272102794e-08,-6.878470743807711500e-08,-7.875237988930571574e-08,-8.989232834141869909e-08,-1.023118020408908130e-07,-1.161237668368256705e-07,-1.314465136246143038e-07,-1.484030883088073118e-07,-1.671205082659117994e-07,-1.877287248594864271e-07,-2.103592853854830393e-07,-2.351436408124412025e-07,-2.622110377263861467e-07,-2.916859238812243527e-07,-3.236847865685114090e-07,-3.583123315207557192e-07,-3.956568971036332146e-07,-4.357849839766363721e-07,-4.787347640394627051e-07,-5.245084141524668242e-07,-5.730630996333663877e-07,-6.243004096897014476e-07,-6.780540215411109988e-07,-7.340753418064175123e-07,-7.920168425660832360e-07,-8.514127751519025277e-07,-9.116569069627645926e-07,-9.719768852727516784e-07,-1.031404786924149138e-06,-1.088743363854401833e-06,-1.142527441509207603e-06,-1.190979870319009489e-06,-1.231961369614125745e-06,-1.262913538770272698e-06,-1.280794242274536036e-06,-1.282004504188379279e-06,-1.262305973739387483e-06,-1.216727948284846471e-06,-1.139462863693493743e-06,-1.023749086613208667e-06,-8.617397698012682815e-07,-6.443564627571932030e-07,-3.611261078459438398e-07,0.000000000000000000e+00
0.000000000000000000e+00,-3.357826434741397817e-10,-7.509678663427114630e-10,-1.258451894564530349e-09,-1.872792477499298991e-09,-2.610378148153261034e-09,-3.489609208242380480e-09,-4.531090433089365284e-09,-5.757835316018279556e-09,-7.195481458580868616e-09,-8.872516455778647352e-09,-1.082051331777215921e-08,-1.307437410382338458e-08,-1.567258001179101882e-08,-1.865744565761203382e-08,-2.207537468273941023e-08,-2.597711313083403043e-08,-3.041799622377743600e-08,-3.545818322498363823e-08,-4.116287398653903407e-08,-4.760249951489611044e-08,-5.485287743388857610e-08,-6.299532154676759162e-08,-7.211669277026685840e-08,-8.230937649893775645e-08,-9.367116891825455401e-08,-1.063050518764706486e-07,-1.203188325986791347e-07,-1.358246207267512892e-07,-1.529381108339869373e-07,-1.717776336244261608e-07,-1.924629334070731978e-07,-2.151136230495959880e-07,-2.398472603702722278e-07,-2.667769817173366035e-07,-2.960086191978017625e-07,-3.276372175291044284e-07,-3.617428546618137732e-07,-3.983856570144712712e-07,-4.375998852161849442e-07,-4.793869495022198139e-07,-5.237071951764563503e-07,-5.704702776576068908e-07,-6.195239233722917537e-07,-6.706408469516962825e-07,-7.235035666324936418e-07,-7.776868282622841283e-07,-8.326373136777261129e-07,-8.876502712858987275e-07,-9.418426652833499918e-07,-9.941223949696302324e-07,-1.043153086970748983e-06,-1.087313910854067353e-06,-1.124653812630042760e-06,-1.152839501124583123e-06,-1.169096459402873354e-06,-1.170142187696883295e-06,-1.152110816159265282e-06,-1.110468155951307568e-06,-1.039916186614996787e-06,-9.342859075895542137e-07,-7.864174136368940881e-07,-5.880259897306573574e-07,-3.295529629583263341e-07,0.000000000000000000e+00
0.000000000000000000e+00,-3.069133191104056443e-10,-6.863970874632131375e-10,-1.150230857754390517e-09,-1.711709704185442479e-09,-2.385798179051192333e-09,-3.189294865392322578e-09,-4.141007509665557876e-09,-5.261938558285053094e-09,-6.575480727389931530e-09,-8.107622001002523862e-09,-9.887159172846442051e-09,-1.194591871465685178e-08,-1.431898336106191729e-08,-1.704492233920779340e-08,-2.016602263018857252e-08,-2.372851801760254783e-08,-2.778281194319855057e-08,-3.238368933584201642e-08,-3.759051159115215065e-08,-4.346738773610409867e-08,-5.008331349405553424e-08,-5.751226844657245749e-08,-6.583325974136414891e-08,-7.513029878927054867e-08,-8.549229509217393365e-08,-9.701284870805069708e-08,-1.097899198442698891e-07,-1.239253506253092540e-07,-1.395242101498918701e-07,-1.566939294721548994e-07,-1.755431880416737226e-07,-1.961805073401086231e-07,-2.187125008717568535e-07,-2.432417222064064702e-07,-2.698640443314290247e-07,-2.986654940321131101e-07,-3.297184542611331842e-07,-3.630771353459270142e-07,-3.987722022729479603e-07,-4.368044300268945895e-07,-4.771372418888204114e-07,-5.196879665392330826e-07,-5.643176285942684012e-07,-6.108190636436608151e-07,-6.589031227759163256e-07,-7.081827027879401042e-07,-7.581543066090233054e-07,-8.081768037598191243e-07,-8.574470227720702556e-07,-9.049717662971696348e-07,-9.495357950512636094e-07,-9.896652787497813532e-07,-1.023586160806283690e-06,-1.049176828918973636e-06,-1.063914425951224789e-06,-1.064814075057605734e-06,-1.048360230287657616e-06,-1.010429299563726870e-06,-9.462026218326233493e-07,-8.500688154351756479e-07,-7.155144517132767888e-07,-5.350019483078950323e-07,-2.998335226117374349e-07,0.000000000000000000e+00
0.000000000000000000e+00,-2.796312169339483028e-10,-6.253772407564863189e-10,-1.047963605495501659e-09,-1.559493894303754468e-09,-2.173589353629531151e-09,-2.905538056028273595e-09,-3.772453586951983168e-09,-4.793443085141532603e-09,-5.989784289466541557e-09,-7.385111032446224313e-09,-9.005606366828775282e-09,-1.088020221035090350e-08,-1.304078403814060792e-08,-1.552239873420165979e-08,-1.836346322396764342e-08,-2.160597093873195863e-08,-2.529569249812611157e-08,-2.948236622540642221e-08,-3.421987321696748340e-08,-3.956639065501963439e-08,-4.558451586120934906e-08,-5.234135221696632313e-08,-5.990854649841082723e-08,-6.836226536135131817e-08,-7.778309663313180303e-08,-8.825585868664092649e-08,-9.986929844691663378e-08,-1.127156554666723068e-07,-1.268900659524233715e-07,-1.424897765703617140e-07,-1.596131332467865637e-07,-1.783583049307676390e-07,-1.988216963281893352e-07,-2.210959968597047408e-07,-2.452678054452589660e-07,-2.714147620705814910e-07,-2.996021073332357608e-07,-3.298785801748827870e-07,-3.622715516507532206e-07,-3.967812787261443128e-07,-4.333741465742317726e-07,-4.719747505229382189e-07,-5.124566494986468582e-07,-5.546316013741652850e-07,-5.982370668790660788e-07,-6.429217425049503356e-07,-6.882288539746874671e-07,-7.335769101917324152e-07,-7.782375830087761941e-07,-8.213103405435519507e-07,-8.616934210463696580e-07,-8.980506904555230822e-07,-9.287738797863173214e-07,-9.519396484821117577e-07,-9.652608669952179936e-07,-9.660314564549749757e-07,-9.510640657454683728e-07,-9.166198072410547767e-07,-8.583292126089078295e-07,-7.711035104834408154e-07,-6.490352697108031405e-07,-4.852873968238418769e-07,-2.719694263678602168e-07,0.000000000000000000e+00
0.000000000000000000e+00,-2.539578327458832438e-10,-5.679562577089566767e-10,-9.517300606016539947e-10,-1.416263156119525184e-09,-1.973914811810737635e-09,-2.638554452030457838e-09,-3.425705010840671984e-09,-4.352694670519137012e-09,-5.438816662165856682e-09,-6.705496612468309068e-09,-8.176466691147951259e-09,-9.877945541434128709e-09,-1.183882265480706737e-08,-1.409084547406534567e-08,-1.666880706735984507e-08,-1.961073170092972277e-08,-2.295805503932615536e-08,-2.675579500692333530e-08,-3.105270853983690076e-08,-3.590142852749290700e-08,-4.135857417038100473e-08,-4.748482674499182330e-08,-5.434496134588599539e-08,-6.200782354260713708e-08,-7.054623801668611724e-08,-8.003683409852353456e-08,-9.055977066856082664e-08,-1.021983400803698763e-07,-1.150384275585592950e-07,-1.291677988696887666e-07,-1.446751849016458689e-07,-1.616491270516813228e-07,-1.801765419440372402e-07,-2.003409578959719003e-07,-2.222203686393296413e-07,-2.458846419887459823e-07,-2.713924123239346860e-07,-2.987873758104441922e-07,-3.280938961005706235e-07,-3.593118157051562775e-07,-3.924103541715539950e-07,-4.273209584996998595e-07,-4.639289537280473832e-07,-5.020638221708361473e-07,-5.414879182327897786e-07,-5.818834019127651611e-07,-6.228371478847300008e-07,-6.638233582724295420e-07,-7.041835757879282533e-07,-7.431037596799107071e-07,-7.795880498614660428e-07,-8.124288046243828517e-07,-8.401724545149299038e-07,-8.610806693259395189e-07,-8.730862869143040579e-07,-8.737434019428836088e-07,-8.601709600532624316e-07,-8.289891489270832188e-07,-7.762478228882745776e-07,-6.973461430398589011e-07,-5.869425615612340378e-07,-4.388542281396508779e-07,-2.459448503240166861e-07,0.000000000000000000e+00
0.000000000000000000e+00,-2.298975186218380186e-10,-5.141437359870510879e-10,-8.615459283227710079e-10,-1.282040075276103245e-09,-1.786804628894470650e-09,-2.388381970113966323e-09,-3.100807516989102567e-09,-3.939746329344550929e-09,-4.922636909855212331e-09,-6.068841727941275624e-09,-7.399803785950433660e-09,-8.939208301942067943e-09,-1.071314829435523745e-08,-1.275029251452424827e-08,-1.508205377610180210e-08,-1.774275526765060923e-08,-2.076979189650658950e-08,-2.420378308772876061e-08,-2.808871273927314615e-08,-3.247205119951665948e-08,-3.740485317006072973e-08,-4.294182432736405802e-08,-4.914134818076022721e-08,-5.606546321867795150e-08,-6.377977871321311837e-08,-7.235331562603550394e-08,-8.185825685262170346e-08,-9.236958851950394157e-08,-1.039646111685372921e-07,-1.167222963760599370e-07,-1.307224606106967510e-07,-1.460447238730417122e-07,-1.627672158187466294e-07,-1.809649865721516265e-07,-2.007080732118439457e-07,-2.220591658663110529e-07,-2.450708094033702515e-07,-2.697820677296363032e-07,-2.962145676265105930e-07,-3.243678277199212450e-07,-3.542137654880912934e-07,-3.856902610241596049e-07,-4.186936404524486521e-07,-4.530699243083851172e-07,-4.886046666906319725e-07,-5.250111894384326040e-07,-5.619169918401507868e-07,-5.988480903111122887e-07,-6.352110139739552264e-07,-6.702721510357355260e-07,-7.031341072129392581e-07,-7.327087011735278289e-07,-7.576861830558299811e-07,-7.765002206572141894e-07,-7.872881540039764803e-07,-7.878459729500238987e-07,-7.755774245471984114e-07,-7.474366076569563733e-07,-6.998633622608723185e-07,-6.287107109905644844e-07,-5.291635615691824321e-07,-3.956478324243699086e-07,-2.217291212810918295e-07,0.000000000000000000e+00
0.000000000000000000e+00,-2.074395003207865921e-10,-4.639154526579346228e-10,-7.773702632338653913e-10,-1.156762983430010375e-09,-1.612171536210934245e-09,-2.154901810243797497e-09,-2.797603582897350808e-09,-3.554393125534676240e-09,-4.440982214254760462e-09,-5.474813113077750501e-09,-6.675198910625721364e-09,-8.063468371208171781e-09,-9.663114201848849828e-09,-1.149994333246310072e-08,-1.360222745058694968e-08,-1.600085161734312978e-08,-1.872945830923618689e-08,-2.182458367126177007e-08,-2.532578211971090960e-08,-2.927573468545624912e-08,-3.372033562620890136e-08,-3.870875084308577284e-08,-4.429344049448304423e-08,-5.053013688793838530e-08,-5.747776722483908119e-08,-6.519830904690826950e-08,-7.375656425737480902e-08,-8.321983532985618640e-08,-9.365748473633591694e-08,-1.051403556797808038e-07,-1.177400288594946711e-07,-1.315278861755355296e-07,-1.465739479338992125e-07,-1.629454451820786330e-07,-1.807050832138823961e-07,-1.999089459551305302e-07,-2.206039837930812887e-07,-2.428250193500621420e-07,-2.665911966265449285e-07,-2.919017887445387189e-07,-3.187312680958367916e-07,-3.470235299224473972e-07,-3.766851461046040572e-07,-4.075775100774127443e-07,-4.395077162109400785e-07,-4.722179975411521605e-07,-5.053735243047890864e-07,-5.385483421911154442e-07,-5.712092034704467162e-07,-6.026970161032220211e-07,-6.322056055081855295e-07,-6.587574508394733554e-07,-6.811760223973646339e-07,-6.980543092356082437e-07,-7.077190862550208749e-07,-7.081904282943700564e-07,-6.971359352499417199e-07,-6.718190874973975063e-07,-6.290411054181067503e-07,-5.650756413790314068e-07,-4.755955880102932836e-07,-3.555912442280277637e-07,-1.992790415912630477e-07,0.000000000000000000e+00
0.000000000000000000e+00,-1.865597816122663420e-10,-4.172176240211027796e-10,-6.991126101472336231e-10,-1.040296590144253190e-09,-1.449825749224988879e-09,-1.937858292678738593e-09,-2.515758207542661151e-09,-3.196204963558480490e-09,-3.993308899141218397e-09,-4.922731898074829979e-09,-6.001812796076210491e-09,-7.249696759302696193e-09,-8.687467644840108201e-09,-1.033828208109962967e-08,-1.222750368805809705e-08,-1.438283548677500922e-08,-1.683444811705933551e-08,-1.961510098293786103e-08,-2.276025286788959262e-08,-2.630815789449604817e-08,-3.029994193350948334e-08,-3.477965368091554190e-08,-3.979428360195108407e-08,-4.539374276962070685e-08,-5.163079228095016866e-08,-5.856091239317334718e-08,-6.624209875736802798e-08,-7.473457110842684074e-08,-8.410037746362954170e-08,-9.440287424933172621e-08,-1.057060597737809914e-07,-1.180737350463718979e-07,-1.315684620570699688e-07,-1.462502852160700357e-07,-1.621751766488566831e-07,-1.793931603754555546e-07,-1.979460639981179574e-07,-2.178648392957999697e-07,-2.391663849868973062e-07,-2.618497957776766484e-07,-2.858919515605861618e-07,-3.112423491564306509e-07,-3.378170661949792962e-07,-3.654917324840352922e-07,-3.940933684096831472e-07,-4.233909324226260045e-07,-4.530844003826355974e-07,-4.827921783463327768e-07,-5.120366271945557566e-07,-5.402274522211026869e-07,-5.666426833829121910e-07,-5.904069423091230615e-07,-6.104666603866838751e-07,-6.255618783338160892e-07,-6.341942217493846617e-07,-6.345906093681820931e-07,-6.246622114299721979e-07,-6.019581350611361740e-07,-5.636132723766390893e-07,-5.062897057927466631e-07,-4.261110246314164795e-07,-3.185888685379031570e-07,-1.785409778084916839e-07,0.000000000000000000e+00
0.000000000000000000e+00,-1.672229487849891160e-10,-3.739709418044937327e-10,-6.266397691628963512e-10,-9.324420531490755269e-10,-1.299489008727817685e-09,-1.736877636402291390e-09,-2.254783306290944885e-09,-2.864557605544670994e-09,-3.578831216652047468e-09,-4.411621469050210381e-09,-5.378444057711471019e-09,-6.496428246522672429e-09,-7.784434667339772768e-09,-9.263174583055603225e-09,-1.095532919969990570e-08,-1.288566728261126910e-08,-1.508115894836489692e-08,-1.757108305975708152e-08,-2.038712513700652637e-08,-2.356346210449707066e-08,-2.713682950752802218e-08,-3.114656604478454589e-08,-3.563462935494034739e-08,-4.064557595335343499e-08,-4.622649701836867320e-08,-5.242690035499433196e-08,-5.929852729260676259e-08,-6.689509147575008747e-08,-7.527192445254948368e-08,-8.448551061959451818e-08,-9.459289140716413901e-08,-1.056509155418263103e-07,-1.177153087574712282e-07,-1.308395323884837687e-07,-1.450733958124121646e-07,-1.604613826510065799e-07,-1.770406449189095254e-07,-1.948386128537819310e-07,-2.138701608894365218e-07,-2.341342620580862321e-07,-2.556100539369903651e-07,-2.782522289914046597e-07,-3.019856507084310032e-07,-3.266990841602659853e-07,-3.522379154740074624e-07,-3.783957190118843839e-07,-4.049045137763750390e-07,-4.314235315501686831e-07,-4.575262984714755445e-07,-4.826858090542243300e-07,-5.062575470327407654e-07,-5.274600808092292963e-07,-5.453529327107123560e-07,-5.588113907627892461e-07,-5.664978993564216165e-07,-5.668296311813431223e-07,-5.579418073657788124e-07,-5.376462962322156283e-07,-5.033849839032523986e-07,-4.521773727556142289e-07,-3.805618271701823900e-07,-2.845298510943368217e-07,-1.594527497711247476e-07,0.000000000000000000e+00
0.000000000000000000e+00,-1.493838803242641538e-10,-3.340743969568840262e-10,-5.597822038956013901e-10,-8.329465157523104157e-10,-1.160807876037988823e-09,-1.551485734955310027e-09,-2.014060795818655169e-09,-2.558662011821741628e-09,-3.196558021630431554e-09,-3.940252700812635828e-09,-4.803584373717165934e-09,-5.801828073992807328e-09,-6.951800057978777329e-09,-8.271963559689699922e-09,-9.782534524487510245e-09,-1.150558576556402698e-08,-1.346514764709920007e-08,-1.568730300362302205e-08,-1.820027354894952152e-08,-2.103449450124398245e-08,-2.422267354326863140e-08,-2.779982953718324525e-08,-3.180330560842970674e-08,-3.627275028842349625e-08,-4.125005934423786681e-08,-4.677926970621537538e-08,-5.290639551003198302e-08,-5.967919467398912243e-08,-6.714685260802590353e-08,-7.535956756763060512e-08,-8.436801978936529738e-08,-9.422270383708413899e-08,-1.049731005068606661e-07,-1.166666611373880123e-07,-1.293475731996208510e-07,-1.430552715381330114e-07,-1.578226545452715690e-07,-1.736739588006197542e-07,-1.906222392300588779e-07,-2.086663945531310405e-07,-2.277876696117199600e-07,-2.479455570199124971e-07,-2.690730103530100598e-07,-2.910708697086623340e-07,-3.138013878289216553e-07,-3.370807309723654471e-07,-3.606703132760899492e-07,-3.842668063585657160e-07,-4.074906473043593949e-07,-4.298728478705799618e-07,-4.508398857094194604e-07,-4.696964345805957810e-07,-4.856056649305924956e-07,-4.975668188784200966e-07,-5.043897346534183878e-07,-5.046659650205321907e-07,-4.967361024144944425e-07,-4.786528906840762649e-07,-4.481396699207684409e-07,-4.025436673344752760e-07,-3.387836142066778398e-07,-2.532911374315830947e-07,-1.419453450758442555e-07,0.000000000000000000e+00
0.000000000000000000e+00,-1.329893616450947504e-10,-2.974088908493853740e-10,-4.983400927482805420e-10,-7.415121115875014022e-10,-1.033366283156531447e-09,-1.381124932043982446e-09,-1.792864373824837014e-09,-2.277592013441912022e-09,-2.845327348187400074e-09,-3.507186584726510671e-09,-4.275470462144010276e-09,-5.163754734312750822e-09,-6.186982601877631823e-09,-7.361558193279830649e-09,-8.705439971476665612e-09,-1.023823268373492443e-08,-1.198127617083027831e-08,-1.395772900317059615e-08,-1.619264450792783033e-08,-1.871303628539811172e-08,-2.154792977560759144e-08,-2.472839581750133379e-08,-2.828756143134613908e-08,-3.226059223714170573e-08,-3.668463998297778600e-08,-4.159874758055259312e-08,-4.704370281141847940e-08,-5.306183045546722577e-08,-5.969671097851301644e-08,-6.699281207145819028e-08,-7.499501722904697302e-08,-8.374803315778913933e-08,-9.329565507258411570e-08,-1.036798658382485002e-07,-1.149397413895279356e-07,-1.271101308708131588e-07,-1.402200754194851014e-07,-1.542909244146727653e-07,-1.693341022614186657e-07,-1.853484723093192449e-07,-2.023172372405805020e-07,-2.202043071268502575e-07,-2.389500572653508060e-07,-2.584663877780698349e-07,-2.786309857067790354e-07,-2.992806778748544173e-07,-3.202037490293780300e-07,-3.411310846427867275e-07,-3.617259811684248020e-07,-3.815724484450262212e-07,-4.001618092826177331e-07,-4.168773800075431824e-07,-4.309769928944229113e-07,-4.415730969981457000e-07,-4.476101479916662845e-07,-4.478389703390559477e-07,-4.407877466748398787e-07,-4.247292598830398191e-07,-3.976439834267808343e-07,-3.571785854344264979e-07,-3.005993824914496409e-07,-2.247402507588690925e-07,-1.259444758537766880e-07,0.000000000000000000e+00
0.000000000000000000e+00,-1.179796019648549107e-10,-2.638406274200198490e-10,-4.420890125519087020e-10,-6.578044211292988040e-10,-9.166973167509530498e-10,-1.225169769623678966e-09,-1.590379959524210954e-09,-2.020310275570305991e-09,-2.523838840051173989e-09,-3.110814196001223660e-09,-3.792132794342836804e-09,-4.579818793879424751e-09,-5.487105543459845528e-09,-6.528517947145999702e-09,-7.719954716643146327e-09,-9.078769286540979671e-09,-1.062384790242925991e-08,-1.237568308440699960e-08,-1.435644031285791154e-08,-1.659001537272722318e-08,-1.910207931904449197e-08,-2.192010748113905774e-08,-2.507338829568806161e-08,-2.859300703783583572e-08,-3.251179869196206157e-08,-3.686426325434486258e-08,-4.168643567209536820e-08,-4.701570137729976488e-08,-5.289054695086378230e-08,-5.935023382305479139e-08,-6.643438106024397780e-08,-7.418244116981158412e-08,-8.263305044416048525e-08,-9.182323262326731258e-08,-1.017874315423068741e-07,-1.125563449017491011e-07,-1.241555273028533959e-07,-1.366037261783390901e-07,-1.499109091584930056e-07,-1.640759356851512881e-07,-1.790838192538369767e-07,-1.949025194580135949e-07,-2.114791949559086031e-07,-2.287358395039558203e-07,-2.465642132244594845e-07,-2.648199702209955632e-07,-2.833158714472247960e-07,-3.018139583003611505e-07,-3.200165476828236964e-07,-3.375558931969500801e-07,-3.539823396634368736e-07,-3.687507792573291223e-07,-3.812051972318286340e-07,-3.905610734753159786e-07,-3.958853830831015693e-07,-3.960739148307054170e-07,-3.898256010738958637e-07,-3.756135264040531310e-07,-3.516522556683077014e-07,-3.158610951314788089e-07,-2.658228741337777138e-07,-1.987378092405065462e-07,-1.113719893987599632e-07,0.000000000000000000e+00
0.000000000000000000e+00,-1.042896492235381743e-10,-2.332242771568350506e-10,-3.907852394459436148e-10,-5.814603577395115591e-10,-8.102942054620574211e-10,-1.082941668472160785e-09,-1.405724744215538638e-09,-1.785692489078227966e-09,-2.230683958893768203e-09,-2.749393910345648172e-09,-3.351440939491147241e-09,-4.047437625717212639e-09,-4.849062122729881038e-09,-5.769130489946399340e-09,-6.821668884785526516e-09,-8.021984535277374422e-09,-9.386734179070902380e-09,-1.093398838466124094e-08,-1.268328985818030744e-08,-1.465570347833738926e-08,-1.687385538614379464e-08,-1.936195797702909325e-08,-2.214581709187194944e-08,-2.525281707012112534e-08,-2.871187860096736817e-08,-3.255338347429862674e-08,-3.680905937704499486e-08,-4.151181678570245699e-08,-4.669552875338680288e-08,-5.239474295846190905e-08,-5.864431374780010207e-08,-6.547894004449599824e-08,-7.293259286778886525e-08,-8.103781379928917821e-08,-8.982486298815930458e-08,-9.932069217891194111e-08,-1.095477147254596756e-07,-1.205223405766736241e-07,-1.322532397307995723e-07,-1.447392926036612806e-07,-1.579671800799934925e-07,-1.719085596564493391e-07,-1.865167669738420645e-07,-2.017229741076417650e-07,-2.174317271709026879e-07,-2.335157760134443380e-07,-2.498100980072425251e-07,-2.661050060254516806e-07,-2.821382176914056793e-07,-2.975857487424075313e-07,-3.120514778805829721e-07,-3.250552137444572836e-07,-3.360190766253705632e-07,-3.442519882934607459e-07,-3.489320428425314808e-07,-3.490865099057585886e-07,-3.435691990785943391e-07,-3.310348911147402751e-07,-3.099105177109362161e-07,-2.783627478269227155e-07,-2.342616149595057535e-07,-1.751397971833138084e-07,-9.814714080241420657e-08,0.000000000000000000e+00
0.000000000000000000e+00,-9.185069890180079578e-11,-2.054059036783529955e-10,-3.441706516238487677e-10,-5.120954605923730501e-10,-7.136204793720328416e-10,-9.537225002642356725e-10,-1.237964799727227074e-09,-1.572549725502982917e-09,-1.964373891710647216e-09,-2.421085775548404470e-09,-2.951145428891025216e-09,-3.563885923369929066e-09,-4.269576036385374779e-09,-5.079483555540731002e-09,-6.005938427480758454e-09,-7.062394800946025715e-09,-8.263490809464893614e-09,-9.625104702426713446e-09,-1.116440565966641545e-08,-1.289989730883388699e-08,-1.485145160065964027e-08,-1.704033027784991981e-08,-1.948919069086907706e-08,-2.222207215933426444e-08,-2.526435844096735618e-08,-2.864271113946919359e-08,-3.238496804522032118e-08,-3.651999944359630463e-08,-4.107751432826514666e-08,-4.608780720240293346e-08,-5.158143471835149328e-08,-5.758880977244539218e-08,-6.413969881048046493e-08,-7.126260598169117877e-08,-7.898402537322678991e-08,-8.732753982787776846e-08,-9.631274175679349522e-08,-1.059539478643686974e-07,-1.162586757591163086e-07,-1.272258459835775675e-07,-1.388436680062461094e-07,-1.510871631241867998e-07,-1.639152709689295603e-07,-1.772674793306186237e-07,-1.910599092552658251e-07,-2.051807787658484439e-07,-2.194851590493935392e-07,-2.337889264810798263e-07,-2.478618023692698592e-07,-2.614193597556974624e-07,-2.741138629562168087e-07,-2.855237907564425242e-07,-2.951418782780115303e-07,-3.023614955225198938e-07,-3.064611625276781127e-07,-3.065869820155817057e-07,-3.017327505015934419e-07,-2.907174882421492945e-07,-2.721601073721315252e-07,-2.444509164338189711e-07,-2.057196386351508606e-07,-1.537996011047438785e-07,-8.618773376582230173e-08,0.000000000000000000e+00
0.000000000000000000e+00,-8.059129326406135134e-11,-1.802256451779365477e-10,-3.019772210769461942e-10,-4.493105755239467979e-10,-6.261192755580430088e-10,-8.367670168501735250e-10,-1.086131201063822739e-09,-1.379648901124222771e-09,-1.723365091220311911e-09,-2.123982958974101129e-09,-2.588916046912730107e-09,-3.126341887574021666e-09,-3.745256699446386764e-09,-4.455530597410341110e-09,-5.267962639036771594e-09,-6.194334874293138964e-09,-7.247464387808874272e-09,-8.441252116309442621e-09,-9.790726985086857139e-09,-1.131208363180037217e-08,-1.302271166819773702e-08,-1.494121406447803720e-08,-1.708741182008831112e-08,-1.948233160092456145e-08,-2.214817246727252422e-08,-2.510824717926512475e-08,-2.838689283569068640e-08,-3.200934476471877787e-08,-3.600156662691737483e-08,-4.039002859542073363e-08,-4.520142422686423403e-08,-5.046231520920098808e-08,-5.619869154584851545e-08,-6.243543288442024863e-08,-6.919565459450607029e-08,-7.649991981174658775e-08,-8.436529596100317531e-08,-9.280423121300811920e-08,-1.018232228766410725e-07,-1.114212458401315520e-07,-1.215879048032699700e-07,-1.323012691407264618e-07,-1.435253437530065825e-07,-1.552071231437264208e-07,-1.672731691558316119e-07,-1.796256452507514044e-07,-1.921377318697264951e-07,-2.046483382241402992e-07,-2.169560157741301471e-07,-2.288119676304623561e-07,-2.399120361208175596e-07,-2.498875377771263473e-07,-2.582948010199480665e-07,-2.646032468534513355e-07,-2.681818369799782090e-07,-2.682836969671353679e-07,-2.640287045619004546e-07,-2.543838151005292060e-07,-2.381408774209729315e-07,-2.138916750229079327e-07,-1.799999087944109271e-07,-1.345698198804030263e-07,-7.541113475977551314e-08,0.000000000000000000e+00
0.000000000000000000e+00,-7.043840867983286513e-11,-1.575201455111741624e-10,-2.639310856648593545e-10,-3.926979110612841453e-10,-5.472217722547859107e-10,-7.313141138425506319e-10,-9.492346342394230478e-10,-1.205731314330252638e-09,-1.506082405980485403e-09,-1.856140219590850321e-09,-2.262376488609522290e-09,-2.731929016781390888e-09,-3.272649229339445769e-09,-3.893150150524445318e-09,-4.602854214694052715e-09,-5.412040184494855435e-09,-6.331888294423894443e-09,-7.374522558517663097e-09,-8.553048973348395803e-09,-9.881588107948985459e-09,-1.137530029612081646e-08,-1.305040132854503838e-08,-1.492416617621596190e-08,-1.701491785611551330e-08,-1.934199806697692151e-08,-2.192571566862379955e-08,-2.478726844271908271e-08,-2.794863284452149736e-08,-3.143241562167596350e-08,-3.526166022283202711e-08,-3.945959982991287468e-08,-4.404934760518645341e-08,-4.905351332789875967e-08,-5.449373398291503381e-08,-6.039010403101844597e-08,-6.676048901023069947e-08,-7.361970376015314984e-08,-8.097853389465562779e-08,-8.884257613735194512e-08,-9.721086974163820994e-08,-1.060742874024959709e-07,-1.154136497882668347e-07,-1.251975230325440619e-07,-1.353796531828817956e-07,-1.458959856567241755e-07,-1.566612111579546247e-07,-1.675647722125091303e-07,-1.784662564431321225e-07,-1.891900938795047314e-07,-1.995194659537506753e-07,-2.091893233334146823e-07,-2.178783983752630730e-07,-2.252000857381806593e-07,-2.306920515838042357e-07,-2.338044178531827482e-07,-2.338863533976745745e-07,-2.301708883569291697e-07,-2.217577522510311245e-07,-2.075940199712132601e-07,-1.864523334553248616e-07,-1.569064506302154953e-07,-1.173038575833718271e-07,-6.573516537416547769e-08,0.000000000000000000e+00
0.000000000000000000e+00,-6.131843004050282081e-11,-1.371247327512247062e-10,-2.297561979315301563e-10,-3.418464644350405876e-10,-4.763547446206647494e-10,-6.365969195331636479e-10,-8.262784782308462847e-10,-1.049529243072887177e-09,-1.310939784937416546e-09,-1.615599387346248109e-09,-1.969135365274088795e-09,-2.377753481823596771e-09,-2.848279132587187343e-09,-3.388198881832834044e-09,-4.005701834860578643e-09,-4.709720214940282081e-09,-5.509968378825368344e-09,-6.416979349272408317e-09,-7.442137763226728644e-09,-8.597707926866538262e-09,-9.896855429537361808e-09,-1.135366049319342812e-08,-1.298312091708737267e-08,-1.480114211318422031e-08,-1.682451130936936049e-08,-1.907085251731300286e-08,-2.155855831115297331e-08,-2.430669383214431028e-08,-2.733486771200956278e-08,-3.066306378144034859e-08,-3.431142648605661408e-08,-3.829999185448244250e-08,-4.264835463461132431e-08,-4.737526081525797783e-08,-5.249811315982132402e-08,-5.803237557276478756e-08,-6.399086007283543878e-08,-7.038287783087471464e-08,-7.721323311433383346e-08,-8.448103603239699734e-08,-9.217830665985606140e-08,-1.002883393974013526e-07,-1.087837922617518714e-07,-1.176244611504822981e-07,-1.267546939519376574e-07,-1.361003936283193563e-07,-1.455655530483708366e-07,-1.550282573451840937e-07,-1.643360818873780523e-07,-1.733008055457437037e-07,-1.816923497862942846e-07,-1.892318442073704737e-07,-1.955837084575319527e-07,-2.003466290321506888e-07,-2.030432972785874348e-07,-2.031087620951078564e-07,-1.998772373687205324e-07,-1.925671902787351510e-07,-1.802645223550897041e-07,-1.619036408330164672e-07,-1.362462036574970530e-07,-1.018573078015116087e-07,-5.707887779207125731e-08,0.000000000000000000e+00
0.000000000000000000e+00,-5.315801273812627343e-11,-1.188753462743348081e-10,-1.991775524991308495e-10,-2.963468204110639053e-10,-4.129472462540923901e-10,-5.518517149995649037e-10,-7.162703691423264525e-10,-9.097806133987237991e-10,-1.136358571133082789e-09,-1.400411869408981916e-09,-1.706813583559664694e-09,-2.060937118068716605e-09,-2.468691737171912063e-09,-2.936558384590565638e-09,-3.471625345649499094e-09,-4.081623204960934247e-09,-4.774958436857566392e-09,-5.560744831530628426e-09,-6.448831804735830388e-09,-7.449828459955758528e-09,-8.575122065602261574e-09,-9.836889372265585473e-09,-1.124809892166977058e-08,-1.282250218474896189e-08,-1.457461100527911123e-08,-1.651965841115326530e-08,-1.867353938015723850e-08,-2.105272760247766650e-08,-2.367416365855699234e-08,-2.655510931749160622e-08,-2.971296184582545572e-08,-3.316502128575507770e-08,-3.692820260031186025e-08,-4.101868337422718944e-08,-4.545147638434317249e-08,-5.023991479214206660e-08,-5.539503594082014951e-08,-6.092484773587554185e-08,-6.683345932492310684e-08,-7.312005524086183554e-08,-7.977768930208183159e-08,-8.679187134175184966e-08,-9.413891623137135729e-08,-1.017840206363527714e-07,-1.096790284571728725e-07,-1.177598409319657405e-07,-1.259434218691137165e-07,-1.341243424064380795e-07,-1.421708030245823087e-07,-1.499200632473989202e-07,-1.571732015186881312e-07,-1.636891191370117473e-07,-1.691776928534195515e-07,-1.732919707985491366e-07,-1.756192958301402686e-07,-1.756712292243989285e-07,-1.728721359450235960e-07,-1.665462806126818779e-07,-1.559032709028189241e-07,-1.400216726019872514e-07,-1.178306081855271341e-07,-8.808913883606970702e-08,-4.936321866785048591e-08,0.000000000000000000e+00
0.000000000000000000e+00,-4.588483409909129325e-11,-1.026102166239793430e-10,-1.719239992015146138e-10,-2.557953336864629720e-10,-3.564364315943041189e-10,-4.763257058884549925e-10,-6.182322735735973912e-10,-7.852417739257678527e-10,-9.807834289472697501e-10,-1.208658239093741188e-09,-1.473068167708017846e-09,-1.778646121027933975e-09,-2.130486476104369110e-09,-2.534175845319573402e-09,-2.995823692115004251e-09,-3.522092326514455309e-09,-4.120225709333885169e-09,-4.798076378625963712e-09,-5.564129678649803547e-09,-6.427524317891589371e-09,-7.398068105423562391e-09,-8.486247510786992875e-09,-9.703229457746747062e-09,-1.106085349227749494e-08,-1.257161215497550756e-08,-1.424861703203357945e-08,-1.610554755048758918e-08,-1.815657911530843462e-08,-2.041628664978800869e-08,-2.289951898723516926e-08,-2.562123886078310906e-08,-2.859632243740840971e-08,-3.183931142900943064e-08,-3.536410977307823252e-08,-3.918361569207332036e-08,-4.330927859637498390e-08,-4.775056877128555340e-08,-5.251434606278848845e-08,-5.760411182675839624e-08,-6.301912620733167952e-08,-6.875337033575762578e-08,-7.479433026322796280e-08,-8.112157633043504424e-08,-8.770510820228357595e-08,-9.450343192680805639e-08,-1.014613310811132985e-07,-1.085072893125621418e-07,-1.155505163400549472e-07,-1.224775237197538162e-07,-1.291481903769802325e-07,-1.353912510410236404e-07,-1.409991332786234778e-07,-1.457220608000070201e-07,-1.492613321149553037e-07,-1.512616744660052908e-07,-1.513025632999287199e-07,-1.488883874170598629e-07,-1.434373294474158439e-07,-1.342688205609933140e-07,-1.205894174832392308e-07,-1.014769391562467743e-07,-7.586269001513006932e-08,-4.251158715201737475e-08,0.000000000000000000e+00
0.000000000000000000e+00,-3.942823749437217996e-11,-8.817130537088644940e-11,-1.477306540851479490e-10,-2.197977129681554829e-10,-3.062725445845972198e-10,-4.092836800040260035e-10,-5.312091158142123396e-10,-6.746984334204572760e-10,-8.426959769355835614e-10,-1.038464997195561480e-09,-1.265612635474461689e-09,-1.528115580565908016e-09,-1.830346186185086625e-09,-2.177098781141141773e-09,-2.573615841307835960e-09,-3.025613618790751129e-09,-3.539306738374957165e-09,-4.121431172645649451e-09,-4.779264893167574381e-09,-5.520645363567622089e-09,-6.353982888748842861e-09,-7.288268659869269819e-09,-8.333076133827257016e-09,-9.498554155022637910e-09,-1.079540996179872810e-08,-1.223487991531345221e-08,-1.382868543907675321e-08,-1.558897125673094708e-08,-1.752822255672891294e-08,-1.965915718737541864e-08,-2.199458838524541454e-08,-2.454725285421411803e-08,-2.732959822999883800e-08,-3.035352307374260750e-08,-3.363006152395435856e-08,-3.716900358383965162e-08,-4.097844071401954465e-08,-4.506422492063263695e-08,-4.942932785609624656e-08,-5.407308456307743119e-08,-5.899030436871060813e-08,-6.417022905161198900e-08,-6.959531573334605118e-08,-7.523981896222496028e-08,-8.106814313349608268e-08,-8.703293269857818166e-08,-9.307286352981748891e-08,-9.911009429986362839e-08,-1.050473317816808321e-07,-1.107644585545972629e-07,-1.161146656960533150e-07,-1.209200266357589901e-07,-1.249664414443172143e-07,-1.279978734270902065e-07,-1.297097920135531637e-07,-1.297417276051066662e-07,-1.276688353215903921e-07,-1.229923555424391428e-07,-1.151288498738367288e-07,-1.033980818220789991e-07,-8.700940218800585559e-08,-6.504649023530936880e-08,-3.645029329721565183e-08,0.000000000000000000e+00
0.000000000000000000e+00,-3.371977353101733691e-11,-7.540551482907993208e-11,-1.263409248267115401e-10,-1.879720314156631572e-10,-2.619231080965067189e-10,-3.500135969759487838e-10,-4.542760191885174761e-10,-5.769748384802981706e-10,-7.206262229865284019e-10,-8.880186256718672951e-10,-1.082234074920458675e-09,-1.306670032721571791e-09,-1.565061638063328067e-09,-1.861504106684545065e-09,-2.200475004284224708e-09,-2.586856047552657821e-09,-3.025954014709387956e-09,-3.523520263170963552e-09,-4.085768254874045030e-09,-4.719388377756281683e-09,-5.431559222783045911e-09,-6.229954327226675199e-09,-7.122743223825617716e-09,-8.118585438746481542e-09,-9.226615855260274420e-09,-1.045641960054410208e-08,-1.181799431527766544e-08,-1.332169732434461487e-08,-1.497817483589193223e-08,-1.679826984840373673e-08,-1.879290493361485925e-08,-2.097293547841875480e-08,-2.334896830180048862e-08,-2.593113980257485504e-08,-2.872884692850077059e-08,-3.175042327414855514e-08,-3.500275149941385753e-08,-3.849080199719837908e-08,-4.221708631058059906e-08,-4.618101218852741749e-08,-5.037812535530164104e-08,-5.479922103145214736e-08,-5.942930596179068844e-08,-6.424638915533406343e-08,-6.922007670045341085e-08,-7.430994286178202399e-08,-7.946364617032999006e-08,-8.461475536203033045e-08,-8.968024578139610777e-08,-9.455762222727312493e-08,-9.912161916151171308e-08,-1.032204237182027495e-07,-1.066713610367993484e-07,-1.092559751010532518e-07,-1.107144315117780840e-07,-1.107391614825520610e-07,-1.089676588670941321e-07,-1.049743342681568054e-07,-9.826132232664251879e-08,-8.824813026046307356e-08,-7.426000776255639612e-08,-5.551491066237580312e-08,-3.110892353625495362e-08,0.000000000000000000e+00
0.000000000000000000e+00,-2.869364373765563298e-11,-6.416567974038009500e-11,-1.075081708843639855e-10,-1.599511937234029575e-10,-2.228763563854938762e-10,-2.978311666317988539e-10,-3.865442352539411773e-10,-4.909412852388452984e-10,-6.131619195299470194e-10,-7.555770793451699234e-10,-9.208071004004356051e-10,-1.111740245490430096e-09,-1.331551558075981554e-09,-1.583721842111045071e-09,-1.872056527500220790e-09,-2.200704127380436929e-09,-2.574173931802562156e-09,-2.997352511128993184e-09,-3.475518520162285839e-09,-4.014355199073743314e-09,-4.619959857773200463e-09,-5.298849504350521694e-09,-6.057961633223613070e-09,-6.904649021905220199e-09,-7.846667193726404662e-09,-8.892152983872741120e-09,-1.004959239366343231e-08,-1.132777562856088576e-08,-1.273573688377073246e-08,-1.428267606165697798e-08,-1.597785917101030134e-08,-1.783049366214152334e-08,-1.984957438564715150e-08,-2.204369521741477986e-08,-2.442082065793126977e-08,-2.698801087911983882e-08,-2.975109274457837882e-08,-3.271426825591514007e-08,-3.587965066444229853e-08,-3.924671711821932943e-08,-4.281166517265802689e-08,-4.656665876089403047e-08,-5.049894727924384061e-08,-5.458983927387874586e-08,-5.881350979738990008e-08,-6.313561781795192789e-08,-6.751170708925497040e-08,-7.188536060678575692e-08,-7.618607516723032242e-08,-8.032681859652557704e-08,-8.420122790522190409e-08,-8.768040195811932023e-08,-9.060923720492133134e-08,-9.280224961311013733e-08,-9.403882018558104892e-08,-9.405779535691523093e-08,-9.255136718036906247e-08,-8.915815159598219059e-08,-8.345537628192339149e-08,-7.495008273320284882e-08,-6.306924040928293617e-08,-4.714866420296649768e-08,-2.642062030394246047e-08,0.000000000000000000e+00
0.000000000000000000e+00,-2.428705297601352576e-11,-5.431135486990417847e-11,-9.099702176080634945e-11,-1.353848946614630384e-10,-1.886439591608789762e-10,-2.520834811026705978e-10,-3.271658454151585553e-10,-4.155200727334810240e-10,-5.189559735718169348e-10,-6.394788821667527993e-10,-7.793048913208645996e-10,-9.408764851722073382e-10,-1.126878438278647298e-09,-1.340253816138930856e-09,-1.584219873591116922e-09,-1.862283602650492459e-09,-2.178256629374947551e-09,-2.536269099246711114e-09,-2.940782121154638448e-09,-3.396598259998131543e-09,-3.908869475662035455e-09,-4.483101799857967001e-09,-5.125155920062523412e-09,-5.841242699191624114e-09,-6.637912498090782624e-09,-7.522036982390285617e-09,-8.500781882357639884e-09,-9.581568930210957961e-09,-1.077202491956438662e-08,-1.207991551133383768e-08,-1.351306104399852051e-08,-1.507923118738929719e-08,-1.678601480123078551e-08,-1.864066081479713523e-08,-2.064988532371948458e-08,-2.281963939479261620e-08,-2.515483126924041550e-08,-2.765899574803614503e-08,-3.033390251728174442e-08,-3.317909401412773436e-08,-3.619134213009604128e-08,-3.936401158392386857e-08,-4.268631615432370936e-08,-4.614245212786655418e-08,-4.971059127154438937e-08,-5.336171336627066789e-08,-5.705825581952183893e-08,-6.075255509594867806e-08,-6.438505164855926106e-08,-6.788222668617659744e-08,-7.115423546395068512e-08,-7.409219782485391819e-08,-7.656510244796403862e-08,-7.841627667652947743e-08,-7.945936891538885866e-08,-7.947378542273492866e-08,-7.819951790640837562e-08,-7.533129271483851544e-08,-7.051196664920134701e-08,-6.332508859825024637e-08,-5.328654041630405913e-08,-3.983516486178255533e-08,-2.232228315487480670e-08,0.000000000000000000e+00
0.000000000000000000e+00,-2.044047743753677793e-11,-4.570941385587638054e-11,-7.658437909883584017e-11,-1.139411073698835259e-10,-1.587630906798479741e-10,-2.121517721143928498e-10,-2.753373278125860615e-10,-3.496900160530079237e-10,-4.367320593307721884e-10,-5.381500104860491471e-10,-6.558075364773000229e-10,-7.917585328981209858e-10,-9.482604583781998845e-10,-1.127787750086372542e-09,-1.333045149094082720e-09,-1.566980726704320167e-09,-1.832798359251342251e-09,-2.133969348466908440e-09,-2.474242826299085497e-09,-2.857654515924684013e-09,-3.288533343315412693e-09,-3.771505304611285506e-09,-4.311493892019607092e-09,-4.913716263048385294e-09,-5.583674202380415810e-09,-6.327138770073358752e-09,-7.150127351162290899e-09,-8.058871616892694050e-09,-9.059774673046864730e-09,-1.015935540199974484e-08,-1.136417769759041340e-08,-1.268076194040139509e-08,-1.411547565976704055e-08,-1.567439987129789023e-08,-1.736316705772069127e-08,-1.918676616846511551e-08,-2.114930934097060711e-08,-2.325375428463300294e-08,-2.550157540633154081e-08,-2.789237578343159539e-08,-3.042343099410129789e-08,-3.308915458302109124e-08,-3.588047355972656760e-08,-3.878410078297074417e-08,-4.178168936327683374e-08,-4.484885230272405566e-08,-4.795402847152070549e-08,-5.105717368101330912e-08,-5.410825303932722533e-08,-5.704550795705996459e-08,-5.979346809671958379e-08,-6.226067522410504211e-08,-6.433708231965463895e-08,-6.589108744492993189e-08,-6.676615774224180712e-08,-6.677699459012913258e-08,-6.570518636990137070e-08,-6.329429055640873399e-08,-5.924428198149438304e-08,-5.320529920000389938e-08,-4.477061600466701360e-08,-3.346876040007661332e-08,-1.875469889743069413e-08,0.000000000000000000e+00
0.000000000000000000e+00,-1.709785552411016031e-11,-3.823447563939156736e-11,-6.406012997211486953e-11,-9.530714213656154438e-11,-1.327979006541765361e-10,-1.774533694087576245e-10,-2.303020881383986246e-10,-2.924896446902103768e-10,-3.652885903064733248e-10,-4.501087568284301622e-10,-5.485079201176410475e-10,-6.622027368863851094e-10,-7.930798621340169085e-10,-9.432071310889650041e-10,-1.114844662478897471e-09,-1.310455708547565307e-09,-1.532717040878379065e-09,-1.784528619052270111e-09,-2.069022240635009192e-09,-2.389568815010233718e-09,-2.749783839063450946e-09,-3.153530578436592314e-09,-3.604920372590206684e-09,-4.108309383606975635e-09,-4.668290995692290825e-09,-5.289682942565992578e-09,-5.977508090995929946e-09,-6.736967637881105706e-09,-7.573405282475549611e-09,-8.492260711087755177e-09,-9.499010474995610158e-09,-1.059909404901565062e-08,-1.179782252327672396e-08,-1.310026699884346478e-08,-1.451112332289514635e-08,-1.603454930455178755e-08,-1.767396999085843034e-08,-1.943184594592619960e-08,-2.130939875612922932e-08,-2.330628717123215312e-08,-2.542022637535791039e-08,-2.764654185215823635e-08,-2.997764815419461139e-08,-3.240244159568390032e-08,-3.490559444835965679e-08,-3.746673662003285794e-08,-4.005950902234741090e-08,-4.265047087641064293e-08,-4.519784105135777587e-08,-4.765005117157365002e-08,-4.994408565507774291e-08,-5.200358105270351075e-08,-5.373665404260725502e-08,-5.503342419891290609e-08,-5.576319420379326514e-08,-5.577124652245363020e-08,-5.487521173185707758e-08,-5.286095971802158024e-08,-4.947796087659776728e-08,-4.443406032466770748e-08,-3.738960403254172085e-08,-2.795085180679778585e-08,-1.566260831701815773e-08,0.000000000000000000e+00
0.000000000000000000e+00,-1.420670917516600449e-11,-3.176917538740986468e-11,-5.322759971518971200e-11,-7.919031784207458963e-11,-1.103404457710539220e-10,-1.474429389089765095e-10,-1.913520564679387234e-10,-2.430192158426050726e-10,-3.035012129406748984e-10,-3.739687741677408856e-10,-4.557153936670313381e-10,-5.501663952256862442e-10,-6.588881416810826465e-10,-7.835972953486959286e-10,-9.261700105519287787e-10,-1.088650913311527089e-09,-1.273261693127932291e-09,-1.482409096968145628e-09,-1.718692075365236044e-09,-1.984907784169018369e-09,-2.284056092050852699e-09,-2.619342182333739930e-09,-2.994176766911444882e-09,-3.412173348590055806e-09,-3.877141874594448950e-09,-4.393078016479615020e-09,-4.964147188282508102e-09,-5.594662273187332220e-09,-6.289053866702830351e-09,-7.051831658485251135e-09,-7.887535362245574350e-09,-8.800673360025089675e-09,-9.795646949452035485e-09,-1.087665776589021366e-08,-1.204759559065411131e-08,-1.331190334617158494e-08,-1.467241561305774486e-08,-1.613116647589532080e-08,-1.768916190689361480e-08,-1.934611122174617699e-08,-2.110011138158839832e-08,-2.294727706010290284e-08,-2.488130843618583179e-08,-2.689298760042086356e-08,-2.896959326786770429e-08,-3.109422216016338046e-08,-3.324500394651835843e-08,-3.539419500599540354e-08,-3.750713448323613716e-08,-3.954104414823751950e-08,-4.144365143103933222e-08,-4.315161267937040222e-08,-4.458871117922702356e-08,-4.566380178623057036e-08,-4.626847114506911178e-08,-4.627437943642172834e-08,-4.553024640332749335e-08,-4.385844109797712786e-08,-4.105113139126489364e-08,-3.686594584879359759e-08,-3.102109716003019095e-08,-2.318991299003052802e-08,-1.299471700288790988e-08,0.000000000000000000e+00
0.000000000000000000e+00,-1.171820330479232195e-11,-2.620429704782737260e-11,-4.390377301193243430e-11,-6.531828880707709365e-11,-9.101114138865976485e-11,-1.216130802413699342e-10,-1.578284534636735767e-10,-2.004416739791416634e-10,-2.503239859454073543e-10,-3.084405029652421901e-10,-3.758574797377084991e-10,-4.537497671042481620e-10,-5.434083867974566781e-10,-6.462481463060307385e-10,-7.638151958031140549e-10,-8.977944076749947088e-10,-1.050016434405355988e-09,-1.222464271926957698e-09,-1.417279122484910840e-09,-1.636765312918110724e-09,-1.883393980317380509e-09,-2.159805186412422647e-09,-2.468808063803557940e-09,-2.813378530179168484e-09,-3.196654029678472085e-09,-3.621924672129989829e-09,-4.092620039377825814e-09,-4.612290811440948723e-09,-5.184584231730128408e-09,-5.813212277598808679e-09,-6.501911227456361959e-09,-7.254391115530261974e-09,-8.074273336781025472e-09,-8.965014403724293852e-09,-9.929813559868426374e-09,-1.097150161657377839e-08,-1.209240799637178834e-08,-1.329420253067522522e-08,-1.457770806741343599e-08,-1.594267938801552234e-08,-1.738754330644886376e-08,-1.890909411836920582e-08,-2.050213777812206687e-08,-2.215907729729159553e-08,-2.386943087240561234e-08,-2.561927315284578208e-08,-2.739058884456851606e-08,-2.916052650274995381e-08,-3.090053888923617015e-08,-3.257539465182286099e-08,-3.414204431619300165e-08,-3.554832166373368223e-08,-3.673145949754514538e-08,-3.761639657570036000e-08,-3.811385011977112531e-08,-3.811812579687333802e-08,-3.750463443962089909e-08,-3.612708203179535649e-08,-3.381429667775918577e-08,-3.036665342992928904e-08,-2.555205502177329005e-08,-1.910142380816916910e-08,-1.070365763080401192e-08,0.000000000000000000e+00
0.000000000000000000e+00,-9.587150968943840923e-12,-2.143878457734429395e-11,-3.591931179484809355e-11,-5.343906952498793170e-11,-7.445879260605793630e-11,-9.949436272860846648e-11,-1.291218286425620014e-10,-1.639826871127628046e-10,-2.047894082318432083e-10,-2.523311817799880193e-10,-3.074798531781475556e-10,-3.711960080381929364e-10,-4.445351531687186182e-10,-5.286539289177784712e-10,-6.248162726590399588e-10,-7.343994357520417313e-10,-8.588997360819528200e-10,-9.999379049094291374e-10,-1.159263859777612716e-09,-1.338760704104050667e-09,-1.540447718225842309e-09,-1.766482065373954583e-09,-2.019158888534315470e-09,-2.300909419502385069e-09,-2.614296658619426013e-09,-2.962008111513600157e-09,-3.346844986316459776e-09,-3.771707159764369911e-09,-4.239573111603830075e-09,-4.753473901857353134e-09,-5.316460122587000934e-09,-5.931560592365692380e-09,-6.601731374992553859e-09,-7.329793491018981270e-09,-8.118357448004809848e-09,-8.969732439366123550e-09,-9.885817748104903363e-09,-1.086797353614249874e-08,-1.191686779753829162e-08,-1.303229579929783499e-08,-1.421296782111357928e-08,-1.545626042922535300e-08,-1.675792587330042775e-08,-1.811175347219577574e-08,-1.950917604786430260e-08,-2.093881356956966629e-08,-2.238594517608832126e-08,-2.383189964497791836e-08,-2.525335316896753976e-08,-2.662152197439356030e-08,-2.790123587066438394e-08,-2.904987724959853299e-08,-3.001616835756614709e-08,-3.073878784238913190e-08,-3.114479563461543041e-08,-3.114784316642553141e-08,-3.064614377298371021e-08,-2.952017587793032871e-08,-2.763008926105292242e-08,-2.481278237403366438e-08,-2.087861635108132740e-08,-1.560772910784314909e-08,-8.745910799900446218e-09,0.000000000000000000e+00
0.000000000000000000e+00,-7.771971713176282988e-12,-1.737964850270232445e-11,-2.911839786881352790e-11,-4.332079880815311324e-11,-6.036026256969673123e-11,-8.065487717111115507e-11,-1.046714710453502949e-10,-1.329298872049814492e-10,-1.660074545725451788e-10,-2.045436375214536740e-10,-2.492448380788485343e-10,-3.008893175170303477e-10,-3.603321950405875733e-10,-4.285104707756083589e-10,-5.064480080713452392e-10,-5.952603959880915109e-10,-6.961595964859309757e-10,-8.104582619241092843e-10,-9.395735866584802106e-10,-1.085030531358618729e-09,-1.248464229667571490e-09,-1.431621353435323974e-09,-1.636360174329818244e-09,-1.864649015433040656e-09,-2.118562735625766740e-09,-2.400276831198626119e-09,-2.712058672112497596e-09,-3.056255313436147085e-09,-3.435277234318193008e-09,-3.851577255830344087e-09,-4.307623773377459610e-09,-4.805867307121016780e-09,-5.348699222784502720e-09,-5.938401302829710107e-09,-6.577084651568122302e-09,-7.266616194273641934e-09,-8.008530776462545994e-09,-8.803926581564597944e-09,-9.653341259269378569e-09,-1.055660578861935456e-08,-1.151267268485076460e-08,-1.251941469217299468e-08,-1.357338958097838654e-08,-1.466956608201166453e-08,-1.580100533625801661e-08,-1.695849151210144215e-08,-1.813010443504470879e-08,-1.930072618450525672e-08,-2.045147263175688719e-08,-2.155903981835224676e-08,-2.259495390148212405e-08,-2.352471211893831643e-08,-2.430680085032032809e-08,-2.489157537341931447e-08,-2.521998433826852187e-08,-2.522212031210138379e-08,-2.481557599601976158e-08,-2.390358389264551886e-08,-2.237291533291622876e-08,-2.009151287546018903e-08,-1.690582820728017619e-08,-1.263783584244231398e-08,-7.081691189300152575e-09,0.000000000000000000e+00
0.000000000000000000e+00,-6.234610274705320526e-12,-1.394178385671961765e-11,-2.335842713388981326e-11,-3.475128332667532471e-11,-4.841983371462725792e-11,-6.469937783169341514e-11,-8.396428886597509281e-11,-1.066314373060855002e-10,-1.331637720768240263e-10,-1.640740439155369400e-10,-1.999286504575903799e-10,-2.413515763109504053e-10,-2.890283941756030248e-10,-3.437102846542366148e-10,-4.062180226350591032e-10,-4.774458668094938056e-10,-5.583652757913128716e-10,-6.500283591706124824e-10,-7.535709543686156530e-10,-8.702152000162388374e-10,-1.001271453369033268e-09,-1.148139372544498154e-09,-1.312307953610565989e-09,-1.495354277178267159e-09,-1.698940678485434839e-09,-1.924810008236523661e-09,-2.174778597815450929e-09,-2.450726480925764731e-09,-2.754584353117000550e-09,-3.088316669765452725e-09,-3.453900190470380033e-09,-3.853297171909659694e-09,-4.288422290189107581e-09,-4.761102235633345062e-09,-5.273026765600914766e-09,-5.825689821831638019e-09,-6.420319115376791006e-09,-7.057792351401083702e-09,-7.738538004901113600e-09,-8.462418263225244962e-09,-9.228591418520290923e-09,-1.003535061894815296e-08,-1.087993546757299113e-08,-1.175831248789413778e-08,-1.266491995063632494e-08,-1.359237197307358164e-08,-1.453111615534532319e-08,-1.546903830351315357e-08,-1.639100700236679526e-08,-1.727834993847689677e-08,-1.810825293261072079e-08,-1.885307161811822645e-08,-1.947954459718483652e-08,-1.994789572033920910e-08,-2.021081186864571165e-08,-2.021228127732259331e-08,-1.988627603179920386e-08,-1.915526090373448282e-08,-1.792850919089440606e-08,-1.610020470182931917e-08,-1.354730751097153097e-08,-1.012715963628204737e-08,-5.674805402589351133e-09,0.000000000000000000e+00
0.000000000000000000e+00,-4.940422448227385336e-12,-1.104771471529922956e-11,-1.850958091466410572e-11,-2.753735848241798815e-11,-3.836831479598802101e-11,-5.126808523249972670e-11,-6.653324964805290293e-11,-8.449404172939944722e-11,-1.055171826604154851e-10,-1.300088269895801611e-10,-1.584176044026407038e-10,-1.912377362067701457e-10,-2.290121996158231728e-10,-2.723359062728134866e-10,-3.218588537201778121e-10,-3.782891995755314383e-10,-4.423961978121867625e-10,-5.150129245749503107e-10,-5.970387071474952444e-10,-6.894411537579055152e-10,-7.932576635538956067e-10,-9.095962749434963199e-10,-1.039635686173519325e-09,-1.184624254041570248e-09,-1.345877744475735506e-09,-1.524775571763592592e-09,-1.722755220779151777e-09,-1.941304497860230263e-09,-2.181951200143529762e-09,-2.446249729170379351e-09,-2.735764101306331740e-09,-3.052046723709845791e-09,-3.396612208826291964e-09,-3.770905391100610228e-09,-4.176262585049245419e-09,-4.613864982082480425e-09,-5.084682922401414550e-09,-5.589409595593280809e-09,-6.128382516692545146e-09,-6.701490890740249948e-09,-7.308066715336806771e-09,-7.946757174230182602e-09,-8.615375542328307938e-09,-9.310727450239858986e-09,-1.002840894099107605e-08,-1.076257228934123135e-08,-1.150565504153450522e-08,-1.224806716688357252e-08,-1.297783058897983442e-08,-1.368016468059801746e-08,-1.433701056002645852e-08,-1.492648621581559099e-08,-1.542226361091275100e-08,-1.579285797615771223e-08,-1.600081849897606507e-08,-1.600180854955873320e-08,-1.574356246991946095e-08,-1.516470478990284019e-08,-1.419341654082896058e-08,-1.274593212848515584e-08,-1.072484902395531259e-08,-8.017231360408524541e-09,-4.492487420254639433e-09,0.000000000000000000e+00
0.000000000000000000e+00,-3.858034491420049349e-12,-8.627279591798963196e-12,-1.445429827777398868e-11,-2.150410213983595487e-11,-2.996194318957069650e-11,-4.003521585515939766e-11,-5.195546678275176025e-11,-6.598050808646009426e-11,-8.239662734102761163e-11,-1.015208848361434459e-10,-1.237034853485543538e-10,-1.493302078674716880e-10,-1.788248722500561344e-10,-2.126518165951017779e-10,-2.513183530990103563e-10,-2.953771631777855308e-10,-3.454285845631417949e-10,-4.021227337503418901e-10,-4.661613964066856493e-10,-5.382996059321945935e-10,-6.193468160562524785e-10,-7.101675568787275612e-10,-8.116814448038525832e-10,-9.248623950067790218e-10,-1.050736860001264454e-09,-1.190380889069539904e-09,-1.344915770233796314e-09,-1.515501978482136934e-09,-1.703331110418482596e-09,-1.909615435605037434e-09,-2.135574637728037077e-09,-2.382419253356335688e-09,-2.651330241374562852e-09,-2.943434030929262146e-09,-3.259772298563829285e-09,-3.601265614630290304e-09,-3.968669973396330159e-09,-4.362525078703561721e-09,-4.783093095607232984e-09,-5.230286396009324034e-09,-5.703582620600042558e-09,-6.201925148013558857e-09,-6.723606802412490373e-09,-7.266134340058392654e-09,-7.826070931033465241e-09,-8.398853491333962163e-09,-8.978581320250964028e-09,-9.557772055545209966e-09,-1.012708047182889630e-08,-1.067497511345358474e-08,-1.118736717012890081e-08,-1.164718537003920178e-08,-1.203388998069397849e-08,-1.232291827236482151e-08,-1.248505301414937038e-08,-1.248570474135203129e-08,-1.228409765971141294e-08,-1.183234814398350907e-08,-1.107442385515040440e-08,-9.944970554915124164e-09,-8.367992754830889685e-09,-6.255373421541212858e-09,-3.505217095579105428e-09,0.000000000000000000e+00
0.000000000000000000e+00,-2.959181960982176325e-12,-6.617270860198933612e-12,-1.108667140076176393e-11,-1.649393402827411787e-11,-2.298112816575196283e-11,-3.070729978700885879e-11,-3.985001148425608421e-11,-5.060696167139214032e-11,-6.319767776373953872e-11,-7.786527604778764419e-11,-9.487827845386843232e-11,-1.145324735169871755e-10,-1.371528053948459508e-10,-1.630952708371114401e-10,-1.927487993854704223e-10,-2.265370867374113650e-10,-2.649203450215482489e-10,-3.083969265864872736e-10,-3.575047696582954181e-10,-4.128226047123166646e-10,-4.749708494482700421e-10,-5.446121076409199097e-10,-6.224511726188659136e-10,-7.092344194228472211e-10,-8.057484504943031330e-10,-9.128178376823801840e-10,-1.031301778020396750e-09,-1.162089451642725582e-09,-1.306093836859608110e-09,-1.464243699181859068e-09,-1.637473427315132525e-09,-1.826710339067958174e-09,-2.032859022892544027e-09,-2.256782215459669829e-09,-2.499277641212446507e-09,-2.761050155092467689e-09,-3.042678433314831922e-09,-3.344575347795283057e-09,-3.666941036090918377e-09,-4.009707538870716074e-09,-4.372473719228339259e-09,-4.754429000718243596e-09,-5.154264261863258965e-09,-5.570068001986379696e-09,-5.999205644432764973e-09,-6.438179566406776367e-09,-6.882467137591825147e-09,-7.326333710341798530e-09,-7.762617130541840996e-09,-8.182479928441118946e-09,-8.575124901358107283e-09,-8.927469314058920685e-09,-9.223772417265250227e-09,-9.445210420328480150e-09,-9.569392451686917123e-09,-9.569810402516001960e-09,-9.415214878600889778e-09,-9.068908788229429052e-09,-8.487949377206717329e-09,-7.622248795779248316e-09,-6.413562559100298558e-09,-4.794354559087527284e-09,-2.686526621361327597e-09,0.000000000000000000e+00
0.000000000000000000e+00,-2.218533349804375576e-12,-4.961040214896228088e-12,-8.311784105352179151e-12,-1.236563072811561991e-11,-1.722907679536223590e-11,-2.302134194712395687e-11,-2.987552239449692701e-11,-3.793980375485455994e-11,-4.737872920097370664e-11,-5.837451745206281688e-11,-7.112842326123257333e-11,-8.586213086083308878e-11,-1.028191682683489434e-10,-1.222663273785617801e-10,-1.444950713120627750e-10,-1.698229064866041159e-10,-1.985946922465900145e-10,-2.311838555357197811e-10,-2.679934719232885732e-10,-3.094571671751662057e-10,-3.560397853573595677e-10,-4.082377600143062727e-10,-4.665791140933949969e-10,-5.316230017831509670e-10,-6.039586910568136093e-10,-6.842038691939704454e-10,-7.730021345813656669e-10,-8.710195163188962329e-10,-9.789398381805906448e-10,-1.097458714854145741e-09,-1.227275935600726387e-09,-1.369085952971948298e-09,-1.523566151358536784e-09,-1.691362521218223936e-09,-1.873072309054088961e-09,-2.069223149722024494e-09,-2.280248115483733814e-09,-2.506456034346779053e-09,-2.747996337510871111e-09,-3.004817590943282223e-09,-3.276618747918927127e-09,-3.562792026379426741e-09,-3.862356165709037783e-09,-4.173878650446187890e-09,-4.495385301949825461e-09,-4.824255431493951628e-09,-5.157100518050649363e-09,-5.489624119555736660e-09,-5.816460446239907559e-09,-6.130988717299885432e-09,-6.425120086651600204e-09,-6.689053558923383811e-09,-6.910996922800636840e-09,-7.076848305441181554e-09,-7.169833499746500288e-09,-7.170093737447224794e-09,-7.054218077948589801e-09,-6.794714059663418029e-09,-6.359409722671231369e-09,-5.710779566358124301e-09,-4.805186462787733885e-09,-3.592031018082489923e-09,-2.012799375234255197e-09,0.000000000000000000e+00
0.000000000000000000e+00,-1.613503355225730742e-12,-3.608080965875402033e-12,-6.045011642194360688e-12,-8.993283138247779371e-12,-1.253033994409514057e-11,-1.674287690920816657e-11,-2.172767767670291612e-11,-2.759249608285104823e-11,-3.445697769516552993e-11,-4.245361750365743439e-11,-5.172874841813384110e-11,-6.244355363050524735e-11,-7.477509404163195913e-11,-8.891733978904442974e-11,-1.050821924010530134e-10,-1.235004811939816600e-10,-1.444229141646723950e-10,-1.681209597435362136e-10,-1.948876312879234712e-10,-2.250381410236875693e-10,-2.589103841837878510e-10,-2.968652072310647976e-10,-3.392864061554626299e-10,-3.865803917524315550e-10,-4.391754483457930694e-10,-4.975205004175520967e-10,-5.620832878241670159e-10,-6.333478344584126573e-10,-7.118110770691581575e-10,-7.979785001515782690e-10,-8.923585989999235187e-10,-9.954559657612953763e-10,-1.107762762180323396e-09,-1.229748307166880281e-09,-1.361846466781220619e-09,-1.504440488082295010e-09,-1.657844865831928831e-09,-1.822283771531024956e-09,-1.997865506858235586e-09,-2.184552367393911521e-09,-2.382125216584071354e-09,-2.590141973209312503e-09,-2.807889107093824452e-09,-3.034325116293147643e-09,-3.268014823372332778e-09,-3.507053177445512312e-09,-3.748977081211141964e-09,-3.990663577131032999e-09,-4.228212523075800258e-09,-4.456811664211018497e-09,-4.670581763802326555e-09,-4.862399190371267601e-09,-5.023693071932233812e-09,-5.144213819968352504e-09,-5.211769496938725250e-09,-5.211926152649554861e-09,-5.127667888728976445e-09,-4.939012029614372156e-09,-4.622574386910078822e-09,-4.151079207066288666e-09,-3.492807997026032003e-09,-2.610981037624143818e-09,-1.463065031137790223e-09,0.000000000000000000e+00
0.000000000000000000e+00,-1.124060060548598534e-12,-2.513596742998226565e-12,-4.211297761549209159e-12,-6.265220268311255193e-12,-8.729311556269492846e-12,-1.166396165077948611e-11,-1.513658707473644014e-11,-1.922224449799046736e-11,-2.400427229821579927e-11,-2.957495725352961669e-11,-3.603622263895373440e-11,-4.350033288904401212e-11,-5.209060869446572587e-11,-6.194214489437398483e-11,-7.320252177864720329e-11,-8.603249838928215001e-11,-1.006066740683370430e-10,-1.171141017944526742e-10,-1.357588337280148370e-10,-1.567603757853937228e-10,-1.803540239152522952e-10,-2.067910499742196652e-10,-2.363386996030460866e-10,-2.692799581821708794e-10,-3.059130336768477931e-10,-3.465504968290264501e-10,-3.915180095595636347e-10,-4.411525614322312817e-10,-4.958001213990713690e-10,-5.558125975674714760e-10,-6.215439811467826802e-10,-6.933455317588675662e-10,-7.715598396110677222e-10,-8.565135752733071690e-10,-9.485087095756870626e-10,-1.047811954009347453e-09,-1.154642135488225525e-09,-1.269155177883611898e-09,-1.391426315801570941e-09,-1.521429113013112453e-09,-1.659010798100228234e-09,-1.803863362535581640e-09,-1.955489790818105543e-09,-2.113164707654920901e-09,-2.275888632701128909e-09,-2.442334928216749169e-09,-2.610788408350927341e-09,-2.779074449811328138e-09,-2.944477301662370937e-09,-3.103646136231157403e-09,-3.252487213010136703e-09,-3.386040342607357134e-09,-3.498337637996035408e-09,-3.582242325609968097e-09,-3.629265159622481146e-09,-3.629355739864798997e-09,-3.570665778651531670e-09,-3.439281096298641049e-09,-3.218918852142111097e-09,-2.890586241126959804e-09,-2.432196610383800153e-09,-1.818138681799501234e-09,-1.018794313108946052e-09,0.000000000000000000e+00
0.000000000000000000e+00,-7.325297685735489837e-13,-1.638064967982018771e-12,-2.744423068453349614e-12,-4.082920170205108068e-12,-5.688710208328091985e-12,-7.601144918613709346e-12,-9.864154096361991077e-12,-1.252664530599004926e-11,-1.564292175401313334e-11,-1.927311651227449532e-11,-2.348364066060475177e-11,-2.834764219519634269e-11,-3.394547170577521643e-11,-4.036514984382260411e-11,-4.770283046577468130e-11,-5.606325201649647082e-11,-6.556016819317595816e-11,-7.631674716798987848e-11,-8.846592661484158486e-11,-1.021507094413759425e-10,-1.175243824266751222e-10,-1.347506368551122840e-10,-1.540035666577268883e-10,-1.754675154554451374e-10,-1.993367391649157141e-10,-2.258148453880858387e-10,-2.551139645588877852e-10,-2.874536006487148288e-10,-3.230591010055364087e-10,-3.621596754713425246e-10,-4.049858841221872856e-10,-4.517665006170605585e-10,-5.027246440165912421e-10,-5.580730558065436754e-10,-6.180083804749950660e-10,-6.827042870594391098e-10,-7.523032452856964561e-10,-8.269067429196851871e-10,-9.065637003705001531e-10,-9.912568040132364802e-10,-1.080886440706899700e-09,-1.175251872102310863e-09,-1.274029238076956987e-09,-1.376745923485778236e-09,-1.482750760849843032e-09,-1.591179473080236343e-09,-1.700914684314430802e-09,-1.810539742901731303e-09,-1.918285508016814687e-09,-2.021969149857599964e-09,-2.118923902519327408e-09,-2.205918588155027301e-09,-2.279065600793099441e-09,-2.333715898221185334e-09,-2.364339400921979999e-09,-2.364389038702539710e-09,-2.326146519282175646e-09,-2.240547720006875793e-09,-2.096985425861968110e-09,-1.883086956493253055e-09,-1.584464045176732156e-09,-1.184432157610688304e-09,-6.636962730511719325e-10,0.000000000000000000e+00
0.000000000000000000e+00,-4.234026966838698171e-13,-9.468022692079697393e-13,-1.586276678250202331e-12,-2.359925873879442965e-12,-3.288067803317752053e-12,-4.393446410330339962e-12,-5.701451354756389978e-12,-7.240348964623194664e-12,-9.041523675969808008e-12,-1.113972891171659817e-11,-1.357334599398452673e-11,-1.638464926656642397e-11,-1.962007511705739212e-11,-2.333049202145850440e-11,-2.757146807640180290e-11,-3.240353172232629533e-11,-3.789242047982491875e-11,-4.410931150357650606e-11,-5.113102658377774756e-11,-5.904020287081458125e-11,-6.792541903867399287e-11,-7.788126480601095352e-11,-8.900833966615128405e-11,-1.014131642988911996e-10,-1.152079854023698231e-10,-1.305104515407318750e-10,-1.474431339938511237e-10,-1.661328624520711976e-10,-1.867098406459502053e-10,-2.093065015526770445e-10,-2.340560555807163795e-10,-2.610906779940029572e-10,-2.905392736755406214e-10,-3.225247480124870303e-10,-3.571607020609102091e-10,-3.945474580526859411e-10,-4.347673075573683761e-10,-4.778788590088633977e-10,-5.239103436335421817e-10,-5.728517188383540271e-10,-6.246453855827748246e-10,-6.791753108985008692e-10,-7.362543182522997435e-10,-7.956092765738904919e-10,-8.568638831863665066e-10,-9.195186962697300186e-10,-9.829280285478841750e-10,-1.046273265311614977e-09,-1.108532116388171721e-09,-1.168443252981873975e-09,-1.224465716222598640e-09,-1.274732414609487936e-09,-1.316996952245067197e-09,-1.348572948839387160e-09,-1.366264926075750572e-09,-1.366289743380466641e-09,-1.344187469942907154e-09,-1.294720479745475616e-09,-1.211759453439658101e-09,-1.088154866549114146e-09,-9.155924395194029474e-10,-6.844309238841130550e-10,-3.835205031756590122e-10,0.000000000000000000e+00
0.000000000000000000e+00,-1.831422360655955301e-13,-4.095378809482151679e-13,-6.861412893916432936e-13,-1.020781367660163896e-12,-1.422246342482930789e-12,-1.900373715048695365e-12,-2.466145282140281660e-12,-3.131787013315515487e-12,-3.910873461748568467e-12,-4.818436254958372291e-12,-5.871076057284589291e-12,-7.087077215330188505e-12,-8.486524086899570281e-12,-1.009141780889826475e-11,-1.192579197526142880e-11,-1.401582536654671520e-11,-1.638994949181502943e-11,-1.907894826330491480e-11,-2.211604661653617663e-11,-2.553698430291581546e-11,-2.938007040725540297e-11,-3.368621336574554656e-11,-3.849892036586299922e-11,-4.386425898122859706e-11,-4.983077271195270257e-11,-5.644934074210656953e-11,-6.377297066514765187e-11,-7.185651113644789471e-11,-8.075626935673420096e-11,-9.052951593419388050e-11,-1.012338569745001083e-10,-1.129264501602257608e-10,-1.256630380516340789e-10,-1.394967678112539068e-10,-1.544767619601337179e-10,-1.706463995425713600e-10,-1.880412611296216078e-10,-2.066866843435641532e-10,-2.265948689418870747e-10,-2.477614618587785138e-10,-2.701615428555842878e-10,-2.937449204630837874e-10,-3.184306355850893952e-10,-3.441005563465888485e-10,-3.705919323779880008e-10,-3.976887595952533986e-10,-4.251117875292316264e-10,-4.525069802446749180e-10,-4.794322187462922165e-10,-5.053420073830766072e-10,-5.295699190390098102e-10,-5.513084837687344252e-10,-5.695861929655614860e-10,-5.832412561448498670e-10,-5.908917100530836755e-10,-5.909014402069693786e-10,-5.813416333492500640e-10,-5.599471360063381845e-10,-5.240671498025372558e-10,-4.706096490345650231e-10,-3.959788610275474350e-10,-2.960051059823997158e-10,-1.658662516376250979e-10,0.000000000000000000e+00
0.000000000000000000e+00,0.000000000000000000e+00,0.000000000000000000e+00,0.000000000000000000e+00,0.000000000000000000e+00,0.000000000000000000e+00,0.000000000000000000e+00,0.000000000000000000e+00,0.000000000000000000e+00,0.000000000000000000e+00,0.000000000000000000e+00,0.000000000000000000e+00,0.000000000000000000e+00,0.000000000000000000e+00,0.000000000000000000e+00,0.000000000000000000e+00,0.000000000000000000e+00,0.000000000000000000e+00,0.000000000000000000e+00,0.000000000000000000e+00,0.000000000000000000e+00,0.000000000000000000e+00,0.000000000000000000e+00,0.000000000000000000e+00,0.000000000000000000e+00,0.000000000000000000e+00,0.000000000000000000e+00,0.000000000000000000e+00,0.000000000000000000e+00,0.000000000000000000e+00,0.000000000000000000e+00,0.000000000000000000e+00,0.000000000000000000e+00,0.000000000000000000e+00,0.000000000000000000e+00,0.000000000000000000e+00,0.000000000000000000e+00,0.000000000000000000e+00,0.000000000000000000e+00,0.000000000000000000e+00,0.000000000000000000e+00,0.000000000000000000e+00,0.000000000000000000e+00,0.000000000000000000e+00,0.000000000000000000e+00,0.000000000000000000e+00,0.000000000000000000e+00,0.000000000000000000e+00,0.000000000000000000e+00,0.000000000000000000e+00,0.000000000000000000e+00,0.000000000000000000e+00,0.000000000000000000e+00,0.000000000000000000e+00,0.000000000000000000e+00,0.000000000000000000e+00,0.000000000000000000e+00,0.000000000000000000e+00,0.000000000000000000e+00,0.000000000000000000e+00,0.000000000000000000e+00,0.000000000000000000e+00,0.000000000000000000e+00,0.000000000000000000e+00,0.000000000000000000e+00
