0.000000000000000000e+00,0.000000000000000000e+00,0.000000000000000000e+00,0.000000000000000000e+00,0.000000000000000000e+00,0.000000000000000000e+00,0.000000000000000000e+00,0.000000000000000000e+00,0.000000000000000000e+00,0.000000000000000000e+00,0.000000000000000000e+00,0.000000000000000000e+00,0.000000000000000000e+00,0.000000000000000000e+00,0.000000000000000000e+00,0.000000000000000000e+00,0.000000000000000000e+00,0.000000000000000000e+00,0.000000000000000000e+00,0.000000000000000000e+00,0.000000000000000000e+00,0.000000000000000000e+00,0.000000000000000000e+00,0.000000000000000000e+00,0.000000000000000000e+00,0.000000000000000000e+00,0.000000000000000000e+00,0.000000000000000000e+00,0.000000000000000000e+00,0.000000000000000000e+00,0.000000000000000000e+00,0.000000000000000000e+00,0.000000000000000000e+00,0.000000000000000000e+00,0.000000000000000000e+00,0.000000000000000000e+00,0.000000000000000000e+00,0.000000000000000000e+00,0.000000000000000000e+00,0.000000000000000000e+00,0.000000000000000000e+00,0.000000000000000000e+00,0.000000000000000000e+00,0.000000000000000000e+00,0.000000000000000000e+00,0.000000000000000000e+00,0.000000000000000000e+00,0.000000000000000000e+00,0.000000000000000000e+00,0.000000000000000000e+00,0.000000000000000000e+00,0.000000000000000000e+00,0.000000000000000000e+00,0.000000000000000000e+00,0.000000000000000000e+00,0.000000000000000000e+00,0.000000000000000000e+00,0.000000000000000000e+00,0.000000000000000000e+00,0.000000000000000000e+00,0.000000000000000000e+00,0.000000000000000000e+00,0.000000000000000000e+00,0.000000000000000000e+00,0.000000000000000000e+00
0.000000000000000000e+00,-2.616316081269906773e-07,-5.152531306382939428e-07,-7.623346627360398094e-07,-1.003812260466741868e-06,-1.239949771162221208e-06,-1.470252743511536667e-06,-1.693435495292123735e-06,-1.907438429320884567e-06,-2.109489060377764416e-06,-2.296197265779739421e-06,-2.463673268741049042e-06,-2.607655998361290343e-06,-2.723639838271563365e-06,-2.806989364504970484e-06,-2.853034357272308017e-06,-2.857140919673039276e-06,-2.814758623467276811e-06,-2.721447827417795467e-06,-2.572895228255045873e-06,-2.364928844707346656e-06,-2.093545566980783962e-06,-1.754964772643233682e-06,-1.345720092191877234e-06,-8.627981599055771271e-07,-3.038282751234805996e-07,3.326792881297485563e-07,1.047055466165666645e-06,1.838171074703672548e-06,2.703133967171869420e-06,3.637011101544821337e-06,4.632604098116543853e-06,5.680306341662617446e-06,6.768066292752231071e-06,7.881475563826058958e-06,9.003991929700007877e-06,1.011729748796437876e-05,1.120178156422667415e-05,1.223712767047625011e-05,1.320297486352703113e-05,1.407961709098765545e-05,1.484870022212499748e-05,1.549387582776391242e-05,1.600137346300216988e-05,1.636045895701183938e-05,1.656375446516293527e-05,1.660740599486639014e-05,1.649109483846944311e-05,1.621789985773682463e-05,1.579402696030598162e-05,1.522842965200373727e-05,1.453234973947828973e-05,1.371880986477320475e-05,1.280208961336218209e-05,1.179721471667534351e-05,1.071948480830535493e-05,9.584059831475350591e-06,8.405619108547815916e-06,7.198100818211899649e-06,5.974523655115330394e-06,4.746887138790914432e-06,3.526142645613565687e-06,2.322223896524365748e-06,1.144123381382179558e-06,0.000000000000000000e+00
0.000000000000000000e+00,-5.870434931285765966e-07,-1.156043202815175868e-06,-1.710232656455687243e-06,-2.251653350585400932e-06,-2.780844916590556880e-06,-3.296651956390196657e-06,-3.796149930432306161e-06,-4.274683543748404471e-06,-4.726002948496412387e-06,-5.142476481368765132e-06,-5.515354183990351012e-06,-5.835054442327286710e-06,-6.091446938098696747e-06,-6.274108698399024297e-06,-6.372536075580196468e-06,-6.376303465096105646e-06,-6.275168740611360611e-06,-6.059134851708196242e-06,-5.718485780369996750e-06,-5.243822048350237984e-06,-4.626125236219254601e-06,-3.856881724622863624e-06,-2.928292606041752003e-06,-1.833589351664722365e-06,-5.674637374050462094e-07,8.733933896286013871e-07,2.489665372843371461e-06,4.278731244336973052e-06,6.233985110868957901e-06,8.344212899280199319e-06,1.059309068082933115e-05,1.295886748970519034e-05,1.541428782990799450e-05,1.792679525093584050e-05,2.045903947207281534e-05,2.296968714536548955e-05,2.541451249690515122e-05,2.774772101992547033e-05,2.992343933345633131e-05,3.189728922752147280e-05,3.362795527972573342e-05,3.507865410805292438e-05,3.621841945871756780e-05,3.702313031876620962e-05,3.747622782594995088e-05,3.756908913392347372e-05,3.730105046944965166e-05,3.667909520009459198e-05,3.571724378983192645e-05,3.443569940761833970e-05,3.285981455324483297e-05,3.101894986443453050e-05,2.894529635560072942e-05,2.667272731500564770e-05,2.423573694147626795e-05,2.166851075135255446e-05,1.900415912076610660e-05,1.627413127398134358e-05,1.350781364400656156e-05,1.073230464151959281e-05,7.972348034256991766e-06,5.250399666213955451e-06,2.586797214467030893e-06,0.000000000000000000e+00
0.000000000000000000e+00,-9.786948179592823766e-07,-1.927111936622896844e-06,-2.850462353033818831e-06,-3.751986568455728515e-06,-4.632438426525816192e-06,-5.489762981915741519e-06,-6.318972278716779187e-06,-7.112208037475512118e-06,-7.858966732873186439e-06,-8.546451591923509523e-06,-9.160008658425724087e-06,-9.683600962537751379e-06,-1.010027634884503041e-05,-1.039259058814953645e-05,-1.054295754425789935e-05,-1.053391150509624218e-05,-1.034828208391092888e-05,-9.969297839563415707e-06,-9.380649266250006232e-06,-8.566553328255756898e-06,-7.511868649185916228e-06,-6.202311500376444839e-06,-4.624817067286454193e-06,-2.768077980683079529e-06,-6.232734484015061728e-07,1.815021004016065620e-06,4.547778968411077628e-06,7.570385067136119585e-06,1.087149691042049513e-05,1.443200680652579186e-05,1.822421055675792900e-05,2.221128816631054420e-05,2.634718809965100501e-05,3.057698337848419295e-05,3.483773606724507020e-05,3.905986920205283545e-05,4.316900538935902965e-05,4.708819287670230810e-05,5.074040657788997247e-05,5.405118657177285723e-05,5.695126244844025623e-05,5.937900995522220891e-05,6.128259689921339293e-05,6.262169717129943258e-05,6.336868293881104677e-05,6.350924251275388822e-05,6.304241160799031025e-05,6.198004503217418323e-05,6.034579089299932478e-05,5.817365746925339058e-05,5.550628210307088391e-05,5.239302100288359366e-05,4.888797885758611379e-05,4.504808867014268659e-05,4.093133687974522152e-05,3.659520869037487462e-05,3.209540571252134854e-05,2.748486459692170224e-05,2.281308305466057463e-05,1.812573988427444651e-05,1.346457929171685516e-05,8.867517392550105336e-06,4.368920453256565622e-06,0.000000000000000000e+00
0.000000000000000000e+00,-1.436241246555207037e-06,-2.827650860378488296e-06,-4.181509090720875279e-06,-5.502237433368267235e-06,-6.790641478798630678e-06,-8.043437662018879062e-06,-9.253069423059409319e-06,-1.040779647664311997e-05,-1.149202111191886501e-05,-1.248679946891449807e-05,-1.337047503765384518e-05,-1.411936723030401008e-05,-1.470845027619748776e-05,-1.511196677100734310e-05,-1.530393524420487744e-05,-1.525853077603366653e-05,-1.495034016444990434e-05,-1.435451617683021995e-05,-1.344687653003162328e-05,-1.220400987829035866e-05,-1.060346089154635817e-05,-8.624067584342006793e-06,-6.246515269038410877e-06,-3.454152722929515452e-06,-2.340884095511454918e-07,3.421449893630692696e-06,7.513546651054377892e-06,1.203491324876908172e-05,1.696821012277329756e-05,2.228452388908666205e-05,2.794215762144687786e-05,3.388588807788723493e-05,4.004682361367209779e-05,4.634296164233229055e-05,5.268049738353819563e-05,5.895588025732655048e-05,6.505855566228706992e-05,7.087427351933481203e-05,7.628879628897940104e-05,8.119180292357870102e-05,8.548076496419572162e-05,8.906456874400336303e-05,9.186667365552149346e-05,9.382762912325134604e-05,9.490681912503929783e-05,9.508335839444309449e-05,9.435612362702268407e-05,9.274296075270983852e-05,9.027916069647678988e-05,8.701533704415578829e-05,8.301486698203722984e-05,7.835107059435587754e-05,7.310430334573694031e-05,6.735912386585624176e-05,6.120167644211164698e-05,5.471739791211512093e-05,4.798912509574627949e-05,4.109564451294319039e-05,3.411069347300355980e-05,2.710239268685993649e-05,2.013306669056871536e-05,1.325939029131176751e-05,6.532787125187684861e-06,0.000000000000000000e+00
0.000000000000000000e+00,-1.955554893823975571e-06,-3.849376698352209755e-06,-5.690740471808416242e-06,-7.485082866720354109e-06,-9.232970639961856157e-06,-1.092945459114771434e-05,-1.256381611802887463e-05,-1.411968390418785555e-05,-1.557547140779197192e-05,-1.690506422468488116e-05,-1.807867205472321099e-05,-1.906375429690739562e-05,-1.982593187804527053e-05,-2.032981059390953841e-05,-2.053966197769151227e-05,-2.041993467331718317e-05,-1.993559994568483152e-05,-1.905236622480162710e-05,-1.773682604040583696e-05,-1.595662088277444813e-05,-1.368072222741278075e-05,-1.087992765201043264e-05,-7.527658171258736310e-06,-3.601116523310882303e-06,9.171723380501465846e-07,6.037464736896010285e-06,1.176062381019957735e-05,1.807579586944071628e-05,2.495811000028989683e-05,3.236660415779555705e-05,4.024259440525055725e-05,4.850869683880581210e-05,5.706868318406777240e-05,6.580830239820962646e-05,7.459713546377138931e-05,8.329147444282930177e-05,9.173813665991817205e-05,9.977904812539727076e-05,1.072563643622280157e-04,1.140178480748473846e-04,1.199221963840318202e-04,1.248440082913232886e-04,1.286781058558588450e-04,1.313429680517363236e-04,1.327831000228503868e-04,1.329702363701021437e-04,1.319033580979504902e-04,1.296075816191041234e-04,1.261320480783813280e-04,1.215469968218725139e-04,1.159402445121031420e-04,1.094133096057007680e-04,1.020774210811471153e-04,9.404963254841845017e-05,8.544923156603631271e-05,7.639459324518588679e-05,6.700058135793685000e-05,5.737655326815684168e-05,4.762498056326351751e-05,3.784065797431288242e-05,2.811044083441153343e-05,1.851342688528840336e-05,9.121481901564557759e-06,0.000000000000000000e+00
0.000000000000000000e+00,-2.527617215073277277e-06,-4.974361385077905190e-06,-7.351220263443563566e-06,-9.664298262529074352e-06,-1.191347997623400952e-05,-1.409159081571182207e-05,-1.618406357194803217e-05,-1.816908135555626565e-05,-2.001813275198618578e-05,-2.169688732737074975e-05,-2.316628141279565567e-05,-2.438369715908114276e-05,-2.530412298057166639e-05,-2.588120039923126194e-05,-2.606808956025630767e-05,-2.581812087682240557e-05,-2.508524002832706644e-05,-2.382429383913823673e-05,-2.199124094413663140e-05,-1.954339909545291926e-05,-1.643985637173125218e-05,-1.264217320594119925e-05,-8.115484239904836758e-06,-2.830073556975843383e-06,3.236554067979441975e-06,1.009714544517018148e-05,1.775182176898563655e-05,2.618502439410332890e-05,3.536251176697779910e-05,4.522867437330213623e-05,5.570445025134114855e-05,6.668611252628640299e-05,7.804516148480588993e-05,8.962948886908709005e-05,1.012658961634843363e-04,1.127639489693053762e-04,1.239210451272491952e-04,1.345284748376128839e-04,1.443781661633346302e-04,1.532697472173202304e-04,1.610175231142173420e-04,1.674569646877047905e-04,1.724503371705556260e-04,1.758911574858785457e-04,1.777072526706586044e-04,1.778622912580034049e-04,1.763557649412477151e-04,1.732215000777079629e-04,1.685248689333505130e-04,1.623589421100001809e-04,1.548398717646650531e-04,1.461018180863892023e-04,1.362917296639573747e-04,1.255642646775392910e-04,1.140770987125131787e-04,1.019868117894399864e-04,8.944548754880813756e-05,7.659809670616628263e-05,6.358067940624300037e-05,5.051929040338036791e-05,3.752962937047253959e-05,2.471724726562569995e-05,1.217819878509143283e-05,0.000000000000000000e+00
0.000000000000000000e+00,-3.137315935939937542e-06,-6.172678393115982602e-06,-9.118263236067183745e-06,-1.198028595790614153e-05,-1.475733362893219422e-05,-1.743931365079217423e-05,-2.000702957844549399e-05,-2.243234655281918147e-05,-2.467886597543340058e-05,-2.670299491537267528e-05,-2.845527358782028038e-05,-2.988181626208453288e-05,-3.092572807188489201e-05,-3.152838196503255410e-05,-3.163047460856768404e-05,-3.117282431994316161e-05,-3.009692375980368444e-05,-2.834531007546123879e-05,-2.586185981522509658e-05,-2.259214961341196077e-05,-1.848404129610676030e-05,-1.348864778148394075e-05,-7.561811850927448311e-06,-6.661837682521482191e-07,7.226081346259096403e-06,1.613006409719822481e-05,2.604440157450110981e-05,3.694741177063223027e-05,4.879331345492101443e-05,6.150887965500951334e-05,7.499088000226073012e-05,8.910465055310570856e-05,1.036840782439905429e-04,1.185332035627140602e-04,1.334295356102834873e-04,1.481290477890184472e-04,1.623726912622055541e-04,1.758941393471104633e-04,1.884283709676231352e-04,1.997206253709199171e-04,2.095352209170266481e-04,2.176637317569152003e-04,2.239320575561597724e-04,2.282059991036971148e-04,2.303950591989993189e-04,2.304543135293345201e-04,2.283843287280483501e-04,2.242292326432531835e-04,2.180731543313077676e-04,2.100353398965923348e-04,2.002643094546469851e-04,1.889314479165577236e-04,1.762244188886185605e-04,1.623407603845390462e-04,1.474819688777293002e-04,1.318483112302287384e-04,1.156345292577086611e-04,9.902652571167761052e-05,8.219904886451167019e-05,6.531432991808740218e-05,4.852157591263588419e-05,3.195718208741453573e-05,1.574550195285402324e-05,0.000000000000000000e+00
0.000000000000000000e+00,-3.762193641214278445e-06,-7.399959197762967034e-06,-1.092586987790806736e-05,-1.434546831638177211e-05,-1.765524566338828595e-05,-2.084136240903800336e-05,-2.387912234355804060e-05,-2.673315353048572840e-05,-2.935819863932842794e-05,-3.170037627196280433e-05,-3.369874890820215090e-05,-3.528702437928919896e-05,-3.639522739156925786e-05,-3.695120491723385595e-05,-3.688187189876266292e-05,-3.611415774750214051e-05,-3.457567426621838673e-05,-3.219518558677958594e-05,-2.890301363254440457e-05,-2.463155167506809714e-05,-1.931607768402286604e-05,-1.289605380715097506e-05,-5.317066159171121879e-06,3.466499304841840412e-06,1.348802997635919424e-05,2.476459057233596728e-05,3.729234240893297551e-05,5.104176021403757573e-05,6.595300971142739209e-05,8.193190260584036922e-05,9.884686282157534483e-05,1.165273137484696190e-04,1.347638299130537087e-04,1.533102915539437557e-04,1.718881450002478976e-04,1.901927170760216060e-04,2.079013719417359559e-04,2.246831487469657437e-04,2.402093924949981084e-04,2.541648007613180136e-04,2.662582640948548286e-04,2.762328824536865201e-04,2.838745934770018492e-04,2.890189456228665129e-04,2.915556808941563069e-04,2.914309456015768242e-04,2.886471092193024419e-04,2.832603265759006217e-04,2.753761144944345774e-04,2.651433203688652448e-04,2.527469304698071423e-04,2.384001974404870768e-04,2.223365607611178319e-04,2.048017954849058720e-04,1.860467602097556471e-04,1.663210333009813662e-04,1.458676353723834950e-04,1.249189439261245592e-04,1.036938195549079315e-04,8.239588728610277202e-05,6.121285477997496041e-05,4.031670278138461944e-05,1.986455264229595107e-05,0.000000000000000000e+00
0.000000000000000000e+00,-4.371211841470532558e-06,-8.594985130195388406e-06,-1.268322528084247525e-05,-1.663978634583556098e-05,-2.045808225964970050e-05,-2.411956667791637063e-05,-2.759309350159748790e-05,-3.083510267426095130e-05,-3.379051563298533843e-05,-3.639417761043233358e-05,-3.857265439415694797e-05,-4.024618213680208065e-05,-4.133058149106952128e-05,-4.173898080513297170e-05,-4.138324442149428155e-05,-4.017506646043679796e-05,-3.802676143064069142e-05,-3.485185301989890009e-05,-3.056562331068011167e-05,-2.508582840039711543e-05,-1.833380592582249940e-05,-1.023619012909870519e-05,-7.274084531611065929e-07,1.024693875217108039e-05,2.272581219094568658e-05,3.672769387788233942e-05,5.224500818025592337e-05,6.923835259862394010e-05,8.763098045860903543e-05,1.073040370103857920e-04,1.280930660320672059e-04,1.497862702467672713e-04,1.721249251006403325e-04,1.948062165088480996e-04,2.174886089239937224e-04,2.397996645235502943e-04,2.613460441737598932e-04,2.817252438034381894e-04,3.005384727143920864e-04,3.174039773013843067e-04,3.319700646341185949e-04,3.439270901440406175e-04,3.530177413395892833e-04,3.590450685432674724e-04,3.618778727475738949e-04,3.614532448854160598e-04,3.577762432518865406e-04,3.509168795995458142e-04,3.410047444300439790e-04,3.282217263856716241e-04,3.127933618904061089e-04,2.949793865281032622e-04,2.750640508481406337e-04,2.533467159555354139e-04,2.301331667198778532e-04,2.057279825765802707e-04,1.804281978308246398e-04,1.545183744866794866e-04,1.282671087596305845e-04,1.019249034588906892e-04,7.572326609614890623e-05,4.987483865155120362e-05,2.457432950515769563e-05,0.000000000000000000e+00
0.000000000000000000e+00,-4.923608450011613367e-06,-9.677467141638623256e-06,-1.427148558612945510e-05,-1.870659403080566504e-05,-2.297197882241798966e-05,-2.704331144207591334e-05,-3.088198341128531137e-05,-3.443528193239369555e-05,-3.763737248759821245e-05,-4.041090133051549409e-05,-4.266899810888152031e-05,-4.431745011612163768e-05,-4.525683602447934899e-05,-4.538444716340573433e-05,-4.459588486859231485e-05,-4.278629735552452816e-05,-3.985130135822231395e-05,-3.568771350702127374e-05,-3.019428457896267885e-05,-2.327267707920797744e-05,-1.482894510319822460e-05,-4.775759411922019416e-06,6.964432239946298780e-06,2.045520756690455492e-05,3.574095025784867954e-05,5.284075986136153803e-05,7.174178372277656640e-05,9.239239454232631924e-05,1.146957415805492593e-04,1.385042671465257539e-04,1.636157918047855138e-04,1.897717257337077311e-04,2.166578598164100829e-04,2.439080345426643389e-04,2.711107896452077536e-04,2.978188792470337827e-04,3.235613157890624759e-04,3.478574016953930132e-04,3.702320399359406919e-04,3.902314994169382495e-04,4.074387595712848685e-04,4.214875756257073763e-04,4.320744901596517556e-04,4.389681596855401027e-04,4.420155534882072275e-04,4.411447982659919670e-04,4.363646665654756247e-04,4.277609200531483705e-04,4.154899029701300973e-04,3.997699232398376217e-04,3.808710502768755104e-04,3.591039967176957309e-04,3.348087384373619546e-04,3.083434700850724158e-04,2.800744018217473730e-04,2.503667884899769998e-04,2.195774568471893528e-04,1.880489705477874415e-04,1.561054552376284069e-04,1.240500040608140831e-04,9.216350124235829359e-05,6.070464007590306718e-05,2.991087159108160587e-05,0.000000000000000000e+00
0.000000000000000000e+00,-5.367936797615228258e-06,-1.054618555331266647e-05,-1.554110304613815657e-05,-2.034927275985873736e-05,-2.495436347212162117e-05,-2.932510087629926524e-05,-3.341436384736256698e-05,-3.715933029560560528e-05,-4.048252105913527474e-05,-4.329353153395577305e-05,-4.549120562795749378e-05,-4.696599884061841262e-05,-4.760229792294431279e-05,-4.728051202275780531e-05,-4.587882011737908817e-05,-4.327454505169279131e-05,-3.934521676277902155e-05,-3.396947599416035322e-05,-2.702804410672560224e-05,-1.840503403456805542e-05,-7.989893162318967106e-06,4.319755132874067698e-06,1.861417048188023535e-05,3.496635961170382895e-05,5.342578727399881791e-05,7.401113265272758149e-05,9.670245056619998785e-05,1.214332432381719690e-04,1.480830625324539582e-04,1.764713282717463862e-04,2.063530536810459037e-04,2.374171080097197057e-04,2.692875197450994964e-04,3.015281393797329245e-04,3.336507527797398617e-04,3.651264842989975661e-04,3.954000755197957821e-04,4.239063942998960006e-04,4.500883414386427851e-04,4.734151965772064236e-04,4.934003929601196974e-04,5.096177373997470275e-04,5.217151946410113856e-04,5.294255245069794417e-04,5.325732797413420139e-04,5.310779219874933212e-04,5.249530703588950204e-04,5.143021393919497072e-04,4.993108313317677367e-04,4.802371067716036061e-04,4.573993585681981801e-04,4.311635538817447551e-04,4.019300912536018927e-04,3.701210518481991849e-04,3.361684177876594188e-04,3.005036991085586204e-04,2.635492676457386004e-04,2.257115532889296947e-04,1.873761255969937458e-04,1.489045690281716374e-04,1.106329675698115785e-04,7.287174625325229527e-05,3.590657272487040935e-05,0.000000000000000000e+00
0.000000000000000000e+00,-5.641378910653659394e-06,-1.107767044647561026e-05,-1.630995230964485743e-05,-2.132890341390748107e-05,-2.611129160542324725e-05,-3.061768413475911960e-05,-3.479139111534400926e-05,-3.855855708769285632e-05,-4.182923238801918302e-05,-4.449919273785501555e-05,-4.645223882970112798e-05,-4.756270163814561738e-05,-4.769790474384210180e-05,-4.672039000723377666e-05,-4.448979230253572028e-05,-4.086434479118974700e-05,-3.570209820559483828e-05,-2.886203415782614013e-05,-2.020533138689069373e-05,-9.597093566698913715e-06,3.091141754386266070e-06,1.797782757292854178e-05,3.516656051541026522e-05,5.473988188908703755e-05,7.675180401922776670e-05,1.012193169664958641e-04,1.281133100322903793e-04,1.573495029973476993e-04,1.887801036577035061e-04,2.221869733983619991e-04,2.572770786517672654e-04,2.936809271937586676e-04,3.309545361580811516e-04,3.685852631437687606e-04,4.060015697342226541e-04,4.425865005496380008e-04,4.776943762657585380e-04,5.106699420845284970e-04,5.408690080154980161e-04,5.676794834372378027e-04,5.905416584916449831e-04,6.089666236616528760e-04,6.225518426670919713e-04,6.309930908186564633e-04,6.340922226956383512e-04,6.317605162679939407e-04,6.240176300408000615e-04,6.109864807471315513e-04,5.928845800438354565e-04,5.700125433516586458e-04,5.427405928115296803e-04,5.114939167174907802e-04,4.767377237165251031e-04,4.389627508978077896e-04,3.986718636938466585e-04,3.563682371865283666e-04,3.125454479021933722e-04,2.676796459980941524e-04,2.222238308934570820e-04,1.766041268223024073e-04,1.312178532588884180e-04,8.643311059268062014e-05,4.258955338840207335e-05,0.000000000000000000e+00
0.000000000000000000e+00,-5.669423476298813229e-06,-1.112559844041888585e-05,-1.636251238132875843e-05,-2.136332134433263196e-05,-2.609647855180329275e-05,-3.051318219027641937e-05,-3.454615038205426634e-05,-3.810962906170153685e-05,-4.110044940124496651e-05,-4.339988482415845037e-05,-4.487602054685778949e-05,-4.538634513161208021e-05,-4.478030455440436833e-05,-4.290162212907453582e-05,-3.959027624322511142e-05,-3.468413318393174670e-05,-2.802034288307145640e-05,-1.943670817339027178e-05,-8.773319678573806321e-06,4.125203753070363314e-06,1.940652523698236265e-05,3.720615301009862604e-05,5.764155630839661216e-05,8.080477750655335606e-05,1.067536632923152371e-04,1.355020358590587420e-04,1.670093217371327037e-04,2.011703283957480136e-04,2.378059851363229448e-04,2.766559263125156786e-04,3.173737785027167988e-04,3.595259134732644484e-04,4.025942487942453388e-04,4.459834296833296635e-04,4.890324286445622576e-04,5.310302791399339759e-04,5.712353445157609868e-04,6.088972426081442485e-04,6.432803260460294567e-04,6.736874789849051949e-04,6.994829459805655507e-04,7.201129621581337306e-04,7.351231006111535928e-04,7.441714791849876566e-04,7.470372533376126983e-04,7.436241386059735080e-04,7.339590272618379263e-04,7.181860619157780581e-04,6.965567808018087101e-04,6.694171379382988629e-04,6.371923163789284476e-04,6.003702921604969940e-04,5.594850753094799799e-04,5.151004631721986179e-04,4.677950050877511460e-04,4.181487125810135321e-04,3.667318722525405097e-04,3.140961440904080988e-04,2.607679678775290649e-04,2.072441631386090499e-04,1.539894985935374885e-04,1.014359271552497309e-04,4.998313142866998881e-05,0.000000000000000000e+00
0.000000000000000000e+00,-5.365988983640597795e-06,-1.052106181847017288e-05,-1.545032889251644138e-05,-2.012783925091608613e-05,-2.451236619897762057e-05,-2.854459206870500656e-05,-3.214569710196001014e-05,-3.521724955707259644e-05,-3.764220100889057938e-05,-3.928672234344024678e-05,-4.000257960488134350e-05,-3.962974887256084217e-05,-3.799900629446722599e-05,-3.493430001293244000e-05,-3.025480802992812937e-05,-2.377669985446811724e-05,-1.531473729546691713e-05,-4.683956715694340188e-06,8.298243108931437778e-06,2.380923999040608988e-05,4.201719215358958368e-05,6.307560523920838929e-05,8.711627637552372819e-05,1.142405936021500634e-04,1.445093692859258894e-04,1.779316037873052972e-04,2.144527876581079121e-04,2.539435324306564936e-04,2.961894479759530786e-04,3.408832387842990240e-04,3.876199592232655589e-04,4.358962442154801025e-04,4.851141217028085610e-04,5.345897309596814827e-04,5.835669386935812960e-04,6.312354913233907822e-04,6.767529983619752047e-04,7.192697398130962292e-04,7.579550579068419086e-04,7.920239520553570660e-04,8.207624588266924058e-04,8.435504693827717854e-04,8.598808084268176090e-04,8.693736550836291595e-04,8.717857035045591075e-04,8.670138105478903366e-04,8.550932289587538865e-04,8.361908477886354114e-04,8.105941324848130354e-04,7.786966570161974691e-04,7.409812395763812343e-04,6.980017302374167190e-04,6.503644595377988278e-04,5.987102536371728071e-04,5.436977706785542808e-04,4.859887324848356132e-04,4.262354334762832571e-04,3.650707204839301117e-04,3.031004654894690680e-04,2.408984070026971391e-04,1.790031197546073337e-04,1.179167882391979263e-04,5.810540634063315196e-05,0.000000000000000000e+00
0.000000000000000000e+00,-4.634054937681567320e-06,-9.073831284164502939e-06,-1.329392992933280384e-05,-1.725785513719281834e-05,-2.091347539316632822e-05,-2.418994470510326360e-05,-2.699608544619913798e-05,-2.922012239204577609e-05,-3.073056228303322300e-05,-3.137794456930930603e-05,-3.099715473011941828e-05,-2.940999592716780464e-05,-2.642775796809294285e-05,-2.185360068480788628e-05,-1.548467397250512744e-05,-7.114017538126726162e-06,3.467594098877954765e-06,1.646958707648427664e-05,3.209895038127077521e-05,5.055663469878020886e-05,7.203261524503322801e-05,9.669932249186402747e-05,1.247032796510246834e-04,1.561549711628948769e-04,1.911171873005111806e-04,2.295923253929357474e-04,2.715093530303049865e-04,3.167113263997890435e-04,3.649444826714563729e-04,4.158499688526491318e-04,4.689592179186355229e-04,5.236938328334638567e-04,5.793705970974111783e-04,6.352119134758843445e-04,6.903616058704326128e-04,7.439056342160107636e-04,7.948969030209737663e-04,8.423830242476966663e-04,8.854356541020929738e-04,9.231798832803296204e-04,9.548221342371794509e-04,9.796751093241193656e-04,9.971785315480445524e-04,1.006914706658505829e-03,1.008618284830737092e-03,1.002179980915014973e-03,9.876443910088292429e-04,9.652023888173691087e-04,9.351788717980502510e-04,8.980168357973045915e-04,8.542588779687759065e-04,8.045272604304827112e-04,7.495036187389223989e-04,6.899092835929486554e-04,6.264870191088106784e-04,5.599847860900451866e-04,4.911419329386610636e-04,4.206780168295267720e-04,3.492842765390642701e-04,2.776176248094422167e-04,2.062969072025769139e-04,1.359010873669013776e-04,6.696896407155654061e-05,0.000000000000000000e+00
0.000000000000000000e+00,-3.366839540730425273e-06,-6.574685555038995844e-06,-9.586297961775540541e-06,-1.235347015824737505e-05,-1.481218290189122345e-05,-1.687926002790777734e-05,-1.845052253361225669e-05,-1.940032475571147941e-05,-1.958226095382161415e-05,-1.883076353548010225e-05,-1.696328333662761793e-05,-1.378275189971552229e-05,-9.080075350087600408e-06,-2.636494608537096821e-06,5.774241547156492476e-06,1.638381807875176322e-05,2.942721234261863492e-05,4.514016441781167971e-05,6.375587949301666515e-05,8.550055625670892573e-05,1.105873669325443704e-04,1.392086091874903688e-04,1.715259054403111964e-04,2.076585313737391956e-04,2.476701956406500210e-04,2.915548436872396668e-04,3.392222931875226799e-04,3.904846986365356374e-04,4.450449622636476867e-04,5.024882371752975672e-04,5.622775943702134445e-04,6.237547460387298350e-04,6.861464423748612432e-04,7.485768074632888694e-04,8.100854798335644768e-04,8.696510091278093334e-04,9.262185686232714352e-04,9.787307094498848281e-04,1.026159636736119138e-03,1.067539353116876829e-03,1.101996003303621751e-03,1.128774865535197257e-03,1.147262660985875864e-03,1.157004169578168887e-03,1.157712521077353769e-03,1.149272939897704598e-03,1.131740125558552273e-03,1.105329815483980420e-03,1.070405375866704048e-03,1.027460480802519982e-03,9.770990605055475571e-04,9.200137263478337830e-04,8.569638224343636415e-04,7.887541256832305506e-04,7.162150382743073069e-04,6.401849086973795174e-04,5.614949004446265777e-04,4.809566179044444563e-04,3.993525105576357817e-04,3.174289180712090860e-04,2.358914949526134085e-04,1.554026649976859463e-04,7.658070096087331833e-05,0.000000000000000000e+00
0.000000000000000000e+00,-1.449532310112431711e-06,-2.798822463642606686e-06,-3.997914754058678449e-06,-4.986130032728639861e-06,-5.686926891272001716e-06,-6.004286262026519523e-06,-5.820610887221303465e-06,-4.996019331662055385e-06,-3.368820934133123681e-06,-7.568944763604770862e-07,3.040332682868993232e-06,8.239592870668157833e-06,1.507140554535058220e-05,2.377776434301500047e-05,3.460990724672251810e-05,4.782606440166151340e-05,6.368895304488709922e-05,8.246268514886643153e-05,1.044086874171621000e-04,1.297802194982395924e-04,1.588151245777109433e-04,1.917265605895879341e-04,2.286916364380307451e-04,2.698381041685679778e-04,3.152295157677449059e-04,3.648495169294118084e-04,4.185861907772351893e-04,4.762175527270837995e-04,5.373994069146899137e-04,6.016567847328837095e-04,6.683800859737176140e-04,7.368268327663154288e-04,8.061296373999232538e-04,8.753105994700649713e-04,9.433019165914970517e-04,1.008972052901713733e-03,1.071156399448429169e-03,1.128691017085998441e-03,1.180447806790040641e-03,1.225369326602025613e-03,1.262501479943998247e-03,1.291022435853215675e-03,1.310266394841408952e-03,1.319741161075661416e-03,1.319138890871069704e-03,1.308339822911738044e-03,1.287409220236265632e-03,1.256588133968680005e-03,1.216278906587829438e-03,1.167026549578210242e-03,1.109497248005022856e-03,1.044455264290628351e-03,9.727394453519346094e-04,8.952403980021169955e-04,8.128792078020195908e-04,7.265883582869704215e-04,6.372952814160683620e-04,5.459087538416658534e-04,4.533081605787562694e-04,3.603354865882309015e-04,2.677897719175464236e-04,1.764236778210010294e-04,8.694175733842156913e-05,0.000000000000000000e+00
0.000000000000000000e+00,1.238443139865276735e-06,2.489698631223125283e-06,3.816698409500163502e-06,5.292818298987331729e-06,7.007302083903021672e-06,9.069158800453597124e-06,1.160954717136969821e-05,1.478276938201679777e-05,1.876608528466162609e-05,2.375861642994482717e-05,2.997962931157956132e-05,3.766646541818120981e-05,4.707232343787855032e-05,5.846400241364888548e-05,7.211959442469593996e-05,8.832598578568197139e-05,1.073759036400022025e-04,1.295641479775825342e-04,1.551825944618812428e-04,1.845135550339706070e-04,2.178211501814237888e-04,2.553404814473208173e-04,2.972645897645787992e-04,3.437294308359779252e-04,3.947973717299456072e-04,4.504399859072082644e-04,5.105211665691623260e-04,5.747817601628862081e-04,6.428270164591517533e-04,7.141181393732160074e-04,7.879690940880887916e-04,8.635495831568265612e-04,9.398947611915036381e-04,1.015921839545860924e-03,1.090453272770273508e-03,1.162245756591884531e-03,1.230023843172633503e-03,1.292516631144507815e-03,1.348495746624996322e-03,1.396812718644051699e-03,1.436433877952642425e-03,1.466471069100099998e-03,1.486206746689294495e-03,1.495112401891764056e-03,1.492859700791036772e-03,1.479324173821834273e-03,1.454581737160011781e-03,1.418898717788843154e-03,1.372716366598416508e-03,1.316631060181510347e-03,1.251371504408166965e-03,1.177774264109771518e-03,1.096758864843510803e-03,1.009303562836002654e-03,9.164226796651044320e-04,8.191461718035173561e-04,7.185018730294591340e-04,6.155006276929940977e-04,5.111243381473199940e-04,4.063167886448772583e-04,3.019769843815858171e-04,1.989546580393562877e-04,9.804754422154508559e-05,0.000000000000000000e+00
0.000000000000000000e+00,4.820694951488635801e-06,9.532599572677599825e-06,1.421111905373295514e-05,1.894188656852838280e-05,2.382647532535797034e-05,2.898659556427856797e-05,3.456679579914114414e-05,4.073578995836659236e-05,4.768661439192503485e-05,5.563586999721914847e-05,6.482231757050173934e-05,7.550506596543254153e-05,8.796152470935314949e-05,1.024851923009673240e-04,1.193832299054999030e-04,1.389736426265600648e-04,1.615817743718845104e-04,1.875357356405352627e-04,2.171603431786277283e-04,2.507691698454795563e-04,2.886543902468599512e-04,3.310742636303535993e-04,3.782383128709217494e-04,4.302905213423796962e-04,4.872911547442322871e-04,5.491980935878491496e-04,6.158488023751425679e-04,6.869442326727520382e-04,7.620360329910200788e-04,8.405184003110718937e-04,9.216257486258979531e-04,1.004437093515045702e-03,1.087887675399719280e-03,1.170787895548580562e-03,1.251849154324100348e-03,1.329715701578210001e-03,1.403001176212132850e-03,1.470328163882655189e-03,1.530368869498795279e-03,1.581884904934550886e-03,1.623764240300913696e-03,1.655053554039881327e-03,1.674984525349621466e-03,1.682993013718811709e-03,1.678730528736329265e-03,1.662067869170679368e-03,1.633091264295840998e-03,1.592091747687499493e-03,1.539548807063150209e-03,1.476109566007413002e-03,1.402564858325860281e-03,1.319823557488041758e-03,1.228886435169660937e-03,1.130820663656356044e-03,1.026735869642580578e-03,9.177624151175669751e-04,8.050323460006250827e-04,6.896632286204889412e-04,5.727449008600705993e-04,4.553290065637264272e-04,3.384210616987186619e-04,2.229747180226847357e-04,1.098878411615472899e-04,0.000000000000000000e+00
0.000000000000000000e+00,9.420748431519372117e-06,1.857129010808931420e-05,2.753810448961827170e-05,3.641786856124698687e-05,4.532347295821911068e-05,5.438854516323896905e-05,6.377050411942148083e-05,7.365226478443312745e-05,8.424278490153720884e-05,9.577668901424366259e-05,1.085132096207813408e-04,1.227346500260836264e-04,1.387445005729110554e-04,1.568652371584237958e-04,1.774357103740372202e-04,2.008079108625716511e-04,2.273427893121636771e-04,2.574047360106640134e-04,2.913543014990763180e-04,3.295387791802188151e-04,3.722803794631034157e-04,4.198619023206911984e-04,4.725100516858990376e-04,5.303768130966686001e-04,5.935196102248782579e-04,6.618812359887081900e-04,7.352707873672689309e-04,8.133469889156860495e-04,8.956053428132240441e-04,9.813704763535400187e-04,1.069794865714082882e-03,1.159864804837072239e-03,1.250414079975951682e-03,1.340145334391944307e-03,1.427658602253301752e-03,1.511485998574138654e-03,1.590131115500032985e-03,1.662111332513603861e-03,1.726001029154696029e-03,1.780473612485137126e-03,1.824340343713396970e-03,1.856584161627769427e-03,1.876387034686271410e-03,1.883149798272299152e-03,1.876503911070512070e-03,1.856315053882969142e-03,1.822678955700766240e-03,1.775910230760866047e-03,1.716525320273607977e-03,1.645220837560624344e-03,1.562848710717300044e-03,1.470389508351405573e-03,1.368925235891411008e-03,1.259612722909720381e-03,1.143658509428747971e-03,1.022295904962471167e-03,8.967646594393230072e-04,7.682934673965812616e-04,6.380853381263123635e-04,5.073057117844571081e-04,3.770730871408645244e-04,2.484518491823460877e-04,1.224469401188397230e-04,0.000000000000000000e+00
0.000000000000000000e+00,1.515866955456363066e-05,2.984027088866350954e-05,4.413995649035037559e-05,5.816337141486634295e-05,7.203300576833792149e-05,8.589308065270574515e-05,9.991299625487303317e-05,1.142894548178182302e-04,1.292474347365361355e-04,1.450402250416755958e-04,1.619487258707790671e-04,1.802801785776491977e-04,2.003664122938251374e-04,2.225615903544782195e-04,2.472393227110546111e-04,2.747888952677390514e-04,3.056102718323304044e-04,3.401074668920370508e-04,3.786798834261475948e-04,4.217112708695725551e-04,4.695560892546286869e-04,5.225232637403030324e-04,5.808575678098557189e-04,6.447191635831849531e-04,7.141621270773094608e-04,7.891130633298703515e-04,8.693511381863484096e-04,9.544909897750207366e-04,1.043970009015566906e-03,1.137041380221772997e-03,1.232774047128190522e-03,1.330060426543323328e-03,1.427632253773734308e-03,1.524084443939957697e-03,1.617906331643767905e-03,1.707519151858553083e-03,1.791318190141250478e-03,1.867717697828281129e-03,1.935196466383225363e-03,1.992341901411294903e-03,2.037890534637370066e-03,2.070763151381977037e-03,2.090093069326117228e-03,2.095246549135158613e-03,2.085834809698944563e-03,2.061717618721250686e-03,2.022998893333075726e-03,1.970015141246488771e-03,1.903317875524194016e-03,1.823651330928101897e-03,1.731926893946461512e-03,1.629195639348527411e-03,1.516620259277292335e-03,1.395447497932080731e-03,1.266981989872257870e-03,1.132562166616522814e-03,9.935386654936677418e-04,8.512554631862946381e-04,7.070337754306516877e-04,5.621586199634615293e-04,4.178678334460658944e-04,2.753432625115812080e-04,1.357038096031334875e-04,0.000000000000000000e+00
0.000000000000000000e+00,2.214756600646041330e-05,4.356030537671777862e-05,6.433856821867501305e-05,8.459397126097199370e-05,1.044561374065184321e-04,1.240779920073405282e-04,1.436396477809136652e-04,1.633509826775440322e-04,1.834530670009592310e-04,2.042186185717737609e-04,2.259516523391892097e-04,2.489864427943035878e-04,2.736858379600163910e-04,3.004388615713470207e-04,3.296574284271073943e-04,3.617718929532786373e-04,3.972250704347772251e-04,4.364643313980162481e-04,4.799313869593651682e-04,5.280494665639095218e-04,5.812077427251057362e-04,6.397430753612260660e-04,7.039194176651374004e-04,7.739055244813704141e-04,8.497519046050235276e-04,9.313682279669282301e-04,1.018502604473905298e-03,1.110724263762646923e-03,1.207411161774783488e-03,1.307743908539195149e-03,1.410707151816609174e-03,1.515099176290617524e-03,1.619550012970873924e-03,1.722547833611976376e-03,1.822472872090434050e-03,1.917637613187779663e-03,2.006331561589184097e-03,2.086868586544810087e-03,2.157634657352089282e-03,2.217133756196098399e-03,2.264029878975029782e-03,2.297183299033118097e-03,2.315679648545791031e-03,2.318850833421053862e-03,2.306287299822599220e-03,2.277841671861762906e-03,2.233624241271616861e-03,2.173991178002496975e-03,2.099526622058580858e-03,2.011019998977238345e-03,1.909439972903718714e-03,1.795906421238119364e-03,1.671661700383444884e-03,1.538042295431551066e-03,1.396451731978028913e-03,1.248335399122297434e-03,1.095157709397637236e-03,9.383818195176943334e-04,7.794519656816682176e-04,6.197783337431099450e-04,4.607242882427941373e-04,3.035957220877818032e-04,1.496322552529059360e-04,0.000000000000000000e+00
0.000000000000000000e+00,3.049011774480734743e-05,5.993165717504931613e-05,8.842558546126237748e-05,1.160855504571463195e-04,1.430450779217909104e-04,1.694633372351995776e-04,1.955295092561034373e-04,2.214658496782829545e-04,2.475295809602348564e-04,2.740137575221911139e-04,3.012472280115275030e-04,3.295937651072150922e-04,3.594503524439093258e-04,3.912445192741897384e-04,4.254305098507794587e-04,4.624839823244544963e-04,5.028948684558246559e-04,5.471580070252319130e-04,5.957612038954967224e-04,6.491704785139793292e-04,7.078124315493313640e-04,7.720539044571199600e-04,8.421793835942555095e-04,9.183669057081275244e-04,1.000663518793479690e-03,1.088961609769639131e-03,1.182977595813365212e-03,1.282234561274627838e-03,1.386050386502999743e-03,1.493532748982866719e-03,1.603582083853817217e-03,1.714903186085170103e-03,1.826025648047838049e-03,1.935332791119661645e-03,2.041098211209819470e-03,2.141528560213515082e-03,2.234810770124053339e-03,2.319161628663195425e-03,2.392877459418711258e-03,2.454381657597804172e-03,2.502267982963510360e-03,2.535337799300331138e-03,2.552629848104034753e-03,2.553441617450108881e-03,2.537341874339324715e-03,2.504174428487742320e-03,2.454053649069345457e-03,2.387352631901029469e-03,2.304685191305607967e-03,2.206883017915823100e-03,2.094969401711670783e-03,1.970130879234932315e-03,1.833688043369040765e-03,1.687066576073505825e-03,1.531769353264182979e-03,1.369350249541788573e-03,1.201390058060383854e-03,1.029474751946923838e-03,8.551761573332913868e-04,6.800349880301944858e-04,5.055461075313196244e-04,3.331458315037662547e-04,1.642010573318381926e-04,0.000000000000000000e+00
0.000000000000000000e+00,4.027529226218789702e-05,7.912769499752304967e-05,1.166531211931762452e-04,1.529623802222262660e-04,1.881889237555623535e-04,2.224951514863990169e-04,2.560773101399404302e-04,2.891690658525514755e-04,3.220438572650664898e-04,3.550161376068687070e-04,3.884415852858917498e-04,4.227163050285389495e-04,4.582749610225694088e-04,4.955876897464937770e-04,5.351555467512544547e-04,5.775041644721335635e-04,6.231752537563686831e-04,6.727155854707497339e-04,7.266631521600238437e-04,7.855303396435189258e-04,8.497841338717270930e-04,9.198236403001725349e-04,9.959554840935215363e-04,1.078367964836998488e-03,1.167105128892702379e-03,1.262042163462518156e-03,1.362863677370358770e-03,1.469046488128099032e-03,1.579848465090863841e-03,1.694304777743496767e-03,1.811232572409715840e-03,1.929244668724379138e-03,2.046772359180605051e-03,2.162096849671365020e-03,2.273388339763466812e-03,2.378751252635390601e-03,2.476273726610144638e-03,2.564079205797670062e-03,2.640377838523118303e-03,2.703515418126780246e-03,2.752017776948772077e-03,2.784628853402142286e-03,2.800341065390608321e-03,2.798417104199351062e-03,2.778402770330019953e-03,2.740130965437312903e-03,2.683717395481868568e-03,2.609548899947219773e-03,2.518265581037426940e-03,2.410738056949016626e-03,2.288041207327516039e-03,2.151425729042681471e-03,2.002288695563669233e-03,1.842144136540153302e-03,1.672594449611354995e-03,1.495303246034215480e-03,1.311970033604701897e-03,1.124306967595939833e-03,9.340177606306614144e-04,7.427787380189527361e-04,5.522219543955068357e-04,3.639202457596726480e-04,1.793740718262503179e-04,0.000000000000000000e+00
0.000000000000000000e+00,5.157539340517655190e-05,1.012891546260494442e-04,1.492254424792352810e-04,1.954864844080639590e-04,2.402009820304845840e-04,2.835310382166107094e-04,3.256776367158127432e-04,3.668847391154298225e-04,4.074420791529892775e-04,4.476867253753774221e-04,4.880034475835471394e-04,5.288238623250661593e-04,5.706242541584204825e-04,6.139218828075563520e-04,6.592695051616352664e-04,7.072477807861434623e-04,7.584552058630836344e-04,8.134952471953301942e-04,8.729604351975370690e-04,9.374133269880351779e-04,1.007364464823182508e-03,1.083247720068761417e-03,1.165393709536358515e-03,1.254002273316445802e-03,1.349115280568346890e-03,1.450591249901977140e-03,1.558083403933979184e-03,1.671022799077115329e-03,1.788608066512862617e-03,1.909803065033338805e-03,2.033343390148844611e-03,2.157752228075249853e-03,2.281365520141636835e-03,2.402365852685124821e-03,2.518823953360414380e-03,2.628746200291071002e-03,2.730126174294021310e-03,2.820998036833326228e-03,2.899489416515533755e-03,2.963871541001666943e-03,3.012604551959891745e-03,3.044376268362645587e-03,3.058133087861437949e-03,3.053102199702781034e-03,3.028804784849887296e-03,2.985060359613861576e-03,2.921982842916638450e-03,2.839969267108235617e-03,2.739682291095443551e-03,2.622027806570334258e-03,2.488128958101620651e-03,2.339297839377293964e-03,2.177006000822915080e-03,2.002854731252085019e-03,1.818545881430976788e-03,1.625853801396222841e-03,1.426598782761137434e-03,1.222622243539915913e-03,1.015763772231143220e-03,8.078400611165795610e-04,6.006257030890626951e-04,3.958357962719314012e-04,1.951102892777923335e-04,0.000000000000000000e+00
0.000000000000000000e+00,6.444357720234277225e-05,1.265193167096286420e-04,1.862920032177342502e-04,2.438487595223707920e-04,2.993082410006168981e-04,3.528282748561804220e-04,4.046119700913343355e-04,4.549123460095067699e-04,5.040355313479045942e-04,5.523425684263467278e-04,6.002498158486483694e-04,6.482278821172729162e-04,6.967989478897200495e-04,7.465322570588553766e-04,7.980374897175745736e-04,8.519556881748027851e-04,9.089474050909653394e-04,9.696777928767659309e-04,1.034798463940050624e-03,1.104926124359527449e-03,1.180618213951920882e-03,1.262346060372196519e-03,1.350466353136565816e-03,1.445192038379448799e-03,1.546563996045763811e-03,1.654425056768276878e-03,1.768398017580471385e-03,1.887869302150354785e-03,2.011979770316841241e-03,2.139623913029239672e-03,2.269458284525817209e-03,2.399919547822625294e-03,2.529251976265445376e-03,2.655543703665823319e-03,2.776770491805655248e-03,2.890845328809544656e-03,2.995671821506428086e-03,3.089199126926477947e-03,3.169476098495959716e-03,3.234702404385369698e-03,3.283274598874380296e-03,3.313825470657315916e-03,3.325255423276485527e-03,3.316755124582017669e-03,3.287819154111262798e-03,3.238250841063708505e-03,3.168158888072919802e-03,3.077946692658831140e-03,2.968295494828970035e-03,2.840142592414751296e-03,2.694655882098207205e-03,2.533205918602419136e-03,2.357336557565298425e-03,2.168735082036945139e-03,1.969202530737381752e-03,1.760624767737510414e-03,1.544944673115070544e-03,1.324135702092550486e-03,1.100176960538451531e-03,8.750298771548277628e-04,6.506165131901092431e-04,4.287995327590692811e-04,2.113638533998332789e-04,0.000000000000000000e+00
0.000000000000000000e+00,7.891194473987479504e-05,1.548803132419593971e-04,2.279421283629360783e-04,2.981622371201272806e-04,3.656434391211202937e-04,4.305349363582628396e-04,4.930391223992703189e-04,5.534167405265058267e-04,6.119904354273928999e-04,6.691466984427038665e-04,7.253361621253810818e-04,7.810721396247758850e-04,8.369272355933675194e-04,8.935277885962906704e-04,9.515458534154896822e-04,1.011688409193415216e-03,1.074683499353934393e-03,1.141263082353584672e-03,1.212142504721132113e-03,1.287996699535353924e-03,1.369433457167021665e-03,1.456964395808822829e-03,1.550974555011563937e-03,1.651691818664444665e-03,1.759157614226055776e-03,1.873200502486182866e-03,1.993414340543829023e-03,2.119142651121043441e-03,2.249470654934716211e-03,2.383226122544847541e-03,2.518989793027417729e-03,2.655115615357777747e-03,2.789760529854714427e-03,2.920922962363706795e-03,3.046488695653331788e-03,3.164282350906184350e-03,3.272122391051679891e-03,3.367877371388742266e-03,3.449521124179880452e-03,3.515184672627711965e-03,3.563202913284766512e-03,3.592154460768225404e-03,3.600893482284802348e-03,3.588572824269409180e-03,3.554658210345040901e-03,3.498933732283009915e-03,3.421499233205662401e-03,3.322760473212590764e-03,3.203413160511136941e-03,3.064422025109062205e-03,2.906996115780232422e-03,2.732561430347039359e-03,2.542731864988805740e-03,2.339279312617122825e-03,2.124103574592545868e-03,1.899202592121498109e-03,1.666643366737347726e-03,1.428533831148701789e-03,1.186995855046487323e-03,9.441395233884844430e-04,7.020388021237927234e-04,4.627087011895994820e-04,2.280840490897927575e-04,0.000000000000000000e+00
0.000000000000000000e+00,9.499029217792766874e-05,1.863907169238362515e-04,2.742015693358390658e-04,3.584577629672647389e-04,4.392400493223844226e-04,5.166843817071910304e-04,5.909894304602428521e-04,6.624222600202910732e-04,7.313221663676581098e-04,7.981026441790512165e-04,8.632514076119164343e-04,9.273283314547278635e-04,9.909611182938426587e-04,1.054838443065036699e-03,1.119700291466439908e-03,1.186325206294097483e-03,1.255514197720088891e-03,1.328071168745618286e-03,1.404779859613489211e-03,1.486377522677603986e-03,1.573525792755884689e-03,1.666779500716283500e-03,1.766554466903892109e-03,1.873095578319976728e-03,1.986446669544454386e-03,2.106423863844735823e-03,2.232594064016620635e-03,2.364260196394126195e-03,2.500454600598179308e-03,2.639941628115191619e-03,2.781230082607167621e-03,2.922595632309456584e-03,3.062112786254584090e-03,3.197695492146039164e-03,3.327144925824866185e-03,3.448202638330835710e-03,3.558606937449596431e-03,3.656150227380459451e-03,3.738735022060643218e-03,3.804426481622480254e-03,3.851499582400953834e-03,3.878479393543897771e-03,3.884173364691989594e-03,3.867694992272334258e-03,3.828478689157717614e-03,3.766286099589500475e-03,3.681204450744611327e-03,3.573637795504601596e-03,3.444292169362178635e-03,3.294155759547172987e-03,3.124475176709425994e-03,2.936728845756033345e-03,2.732598413370956967e-03,2.513938926894286868e-03,2.282748392421273236e-03,2.041137185287942267e-03,1.791297674687095543e-03,1.535474341830846395e-03,1.275934618680767260e-03,1.014940648545008262e-03,7.547221646294342053e-04,4.974506901665659087e-04,2.452152758989435731e-04,0.000000000000000000e+00
0.000000000000000000e+00,1.126655632852318191e-04,2.210244998249919998e-04,3.250310514092662065e-04,4.246822395399017596e-04,5.200303407653362976e-04,6.111932703374548968e-04,6.983628670153641319e-04,7.818110699655405086e-04,8.618939625962227522e-04,9.390536270543461874e-04,1.013817709034791140e-03,1.086796540678635226e-03,1.158677617865941888e-03,1.230217187768576541e-03,1.302228685153912447e-03,1.375567773666349584e-03,1.451113811564179110e-03,1.529747677171902891e-03,1.612326059623273846e-03,1.699652541033345142e-03,1.792446055813851210e-03,1.891307593394034921e-03,1.996686288345098786e-03,2.108846289279555763e-03,2.227835986317581920e-03,2.353461279951245613e-03,2.485264570794251324e-03,2.622511027317886347e-03,2.764183445038035421e-03,2.908986654989790827e-03,3.055361992123202964e-03,3.201511825456164560e-03,3.345433618249230544e-03,3.484962468276271361e-03,3.617820615069237185e-03,3.741672028098564414e-03,3.854179934858553095e-03,3.953065028261424849e-03,4.036162114481378627e-03,4.101473119333382163e-03,4.147214646153783886e-03,4.171858644414508377e-03,4.174165172882991423e-03,4.153206687866562753e-03,4.108383720355048355e-03,4.039432194191681751e-03,3.946422956289712125e-03,3.829754323941910940e-03,3.690138597891744719e-03,3.528583546979934069e-03,3.346369852750994897e-03,3.145025427947247595e-03,2.926297411742199376e-03,2.692122517367892369e-03,2.444596282629577129e-03,2.185941664740755769e-03,1.918477336949283608e-03,1.644585989333481732e-03,1.366682908977981132e-03,1.087185110823568916e-03,8.084813026703393125e-04,5.329029877589852018e-04,2.626970277119685662e-04,0.000000000000000000e+00
0.000000000000000000e+00,1.319020122857770356e-04,2.587113745227066406e-04,3.803268273587752444e-04,4.966994414729019322e-04,6.078465160912853698e-04,7.138630872445966575e-04,8.149310211638292282e-04,9.113256642606449090e-04,1.003420004014955562e-03,1.091686265078137957e-03,1.176694824885271681e-03,1.259110288820487408e-03,1.339684524929954379e-03,1.419246432770275221e-03,1.498688221597988847e-03,1.578948010669597307e-03,1.660988647784117540e-03,1.745772776503259948e-03,1.834234367691592142e-03,1.927247160860031229e-03,2.025590722347865406e-03,2.129915101454315455e-03,2.240705328054149337e-03,2.358247218949859492e-03,2.482596118062252357e-03,2.613550263387763931e-03,2.750630433385335000e-03,2.893067367730146281e-03,3.039798183282676602e-03,3.189472627859283281e-03,3.340469554593734208e-03,3.490923489565212097e-03,3.638760641855362694e-03,3.781743207369225694e-03,3.917520383100119193e-03,4.043684169362423905e-03,4.157827818031095343e-03,4.257604698892332798e-03,4.340785406308813633e-03,4.405311105620288853e-03,4.449341403815981408e-03,4.471295394578978129e-03,4.469884940999338703e-03,4.444139685270344538e-03,4.393423680227688879e-03,4.317443894142948720e-03,4.216251126595310476e-03,4.090234077385478985e-03,3.940107429678253032e-03,3.766894849021782798e-03,3.571907774841688674e-03,3.356720808381520246e-03,3.123144400738342690e-03,2.873195435811487855e-03,2.609066201931987787e-03,2.333092164551642429e-03,2.047718897400586588e-03,1.755468502660268272e-03,1.458905849237583175e-03,1.160604976154417690e-03,8.631160373373909182e-04,5.689331958948297451e-04,2.804639018446705582e-04,0.000000000000000000e+00
0.000000000000000000e+00,1.526420462977338824e-04,2.993384559882106906e-04,4.399231430966785454e-04,5.742932745734895131e-04,7.024247564263828977e-04,8.243849670524897900e-04,9.403426925706858492e-04,1.050575216477717686e-03,1.155472501280653541e-03,1.255538374060680487e-03,1.351388594809425046e-03,1.443745652078105672e-03,1.533430103546820113e-03,1.621348269710934462e-03,1.708476107638379985e-03,1.795839148414296723e-03,1.884488483738502298e-03,1.975472937473381728e-03,2.069807754776188061e-03,2.168440376702862257e-03,2.272214127470499698e-03,2.381830904883984728e-03,2.497814207543441311e-03,2.620474029149663826e-03,2.749875275099045255e-03,2.885811387983118568e-03,3.027784791593984750e-03,3.174995571540327119e-03,3.326339508891381930e-03,3.480416186280089075e-03,3.635547418132061784e-03,3.789805750188137996e-03,3.941052264827517998e-03,4.086982455461636576e-03,4.225178530443309509e-03,4.353166203606730761e-03,4.468473845254987246e-03,4.568691814365791540e-03,4.651529869177617633e-03,4.714870747632224704e-03,4.756818300526526738e-03,4.775738920703072668e-03,4.770295409027043923e-03,4.739472819195119507e-03,4.682596197944848687e-03,4.599340459692743445e-03,4.489732887342019058e-03,4.354148925146621163e-03,4.193302025264637918e-03,4.008228335179983559e-03,3.800266982865211154e-03,3.571036648449335549e-03,3.322409024320329730e-03,3.056479677672530471e-03,2.775536754732255314e-03,2.482027913835613015e-03,2.178525849647478842e-03,1.867692772712009185e-03,1.552244232802145116e-03,1.234912713929431968e-03,9.184114745614137655e-04,6.053991494150323845e-04,2.984456607052183934e-04,0.000000000000000000e+00
0.000000000000000000e+00,1.748076791018946137e-04,3.427531096106298204e-04,5.035964156997650102e-04,6.571732148007450531e-04,8.034118472809127168e-04,9.423474276392684607e-04,1.074132648398051825e-03,1.199045270596427572e-03,1.317492226189457107e-03,1.430010239597229648e-03,1.537262852304587760e-03,1.640033712330544536e-03,1.739215978122584348e-03,1.835797693750932259e-03,1.930843029018163102e-03,2.025469352779822943e-03,2.120820226111828737e-03,2.218034565480893686e-03,2.318212430991245347e-03,2.422378131398559339e-03,2.531441590358279783e-03,2.646159166764826265e-03,2.767095342114157114e-03,2.894586854568085774e-03,3.028710949436510744e-03,3.169259410233117233e-03,3.315719921491788649e-03,3.467266091396587445e-03,3.622757136302116616e-03,3.780747817714605764e-03,3.939508751297785688e-03,4.097056709407240378e-03,4.251194049333612522e-03,4.399555954534081423e-03,4.539663807810262464e-03,4.668982749267766227e-03,4.784981324761163057e-03,4.885191108981895222e-03,4.967264287429199246e-03,5.029027389364725507e-03,5.068529657340578240e-03,5.084084889925550785e-03,5.074305971736890047e-03,5.038131677866311206e-03,4.974845680549544978e-03,4.884087972602984759e-03,4.765859140595327809e-03,4.620518065387804220e-03,4.448773701400896181e-03,4.251671598763960558e-03,4.030575799555060831e-03,3.787146678518882054e-03,3.523315227969238059e-03,3.241254221907905516e-03,2.943346647728050346e-03,2.632151772394064615e-03,2.310369215832329924e-03,1.980801435002094591e-03,1.646315071713368508e-03,1.309801677333343904e-03,9.741383886082742929e-04,6.421491815602609196e-04,3.165673664913390872e-04,0.000000000000000000e+00
0.000000000000000000e+00,1.983024932128213055e-04,3.887667833951671207e-04,5.710708272474415747e-04,7.449815405793250387e-04,9.103739135332242390e-04,1.067246461549467042e-03,1.215732916832042761e-03,1.356110076768783385e-03,1.488801726855314101e-03,1.614378548560489865e-03,1.733553911805669904e-03,1.847175444028814097e-03,1.956212271593623167e-03,2.061737853866019675e-03,2.164908384582237694e-03,2.266936826460330505e-03,2.369062777556563745e-03,2.472518541488444733e-03,2.578491982920486352e-03,2.688086983575681092e-03,2.802282556080802622e-03,2.921891902452886970e-03,3.047522897704849684e-03,3.179541613377886815e-03,3.318040549708278861e-03,3.462813202607129340e-03,3.613336444077508251e-03,3.768761942551455101e-03,3.927917503038527020e-03,4.089318785347491672e-03,4.251191389117925032e-03,4.411502809396917850e-03,4.568003300606881568e-03,4.718274273390353490e-03,4.859782517030800109e-03,4.989938311920625799e-03,5.106155384889283014e-03,5.205910668173302502e-03,5.286801943516440151e-03,5.346601670455239375e-03,5.383305589205831382e-03,5.395175025923097320e-03,5.380772181800852830e-03,5.338988029022329052e-03,5.269062741413464181e-03,5.170598837493180916e-03,5.043567397867378468e-03,4.888307835202632470e-03,4.705521748657378114e-03,4.496261397217110427e-03,4.261913293593195748e-03,4.004177369619525348e-03,3.725042112099570535e-03,3.426756028712007150e-03,3.111795786524782902e-03,2.782831375609047704e-03,2.442688687004139925e-03,2.094309953463381092e-03,1.740712575476394564e-03,1.384946934644786659e-03,1.030053871632009583e-03,6.790225671949123940e-04,3.347496042011577637e-04,0.000000000000000000e+00
0.000000000000000000e+00,2.230139769004052834e-04,4.371595637518587872e-04,6.420249537925084519e-04,8.373018657310748666e-04,1.022806667615041177e-03,1.198497295721669131e-03,1.364485844319632789e-03,1.521046726457023950e-03,1.668620320237952908e-03,1.807812022064831086e-03,1.939386632804119843e-03,2.064258011508125421e-03,2.183473952364252575e-03,2.298196282648800378e-03,2.409676250680870945e-03,2.519225379153566986e-03,2.628182103500483098e-03,2.737874695441126511e-03,2.849581181693601473e-03,2.964487194886211360e-03,3.083642920974371138e-03,3.207920514414559516e-03,3.337973516660142775e-03,3.474199913507692965e-03,3.616710483850589779e-03,3.765304013486439963e-03,3.919450767376596832e-03,4.078285335655990052e-03,4.240609605433297465e-03,4.404906183157792851e-03,4.569362128909664617e-03,4.731902396358370240e-03,4.890231933319364593e-03,5.041885018639529446e-03,5.184280117257766309e-03,5.314778344961174246e-03,5.430743556839694175e-03,5.529602108400646747e-03,5.608900476176195693e-03,5.666359147880759874e-03,5.699921477159430178e-03,5.707796517597376641e-03,5.688495177096543169e-03,5.640859341215553879e-03,5.564083881448252111e-03,5.457731677022421152e-03,5.321741929560134220e-03,5.156432139508122792e-03,4.962494149180425411e-03,4.740984652404558498e-03,4.493310541080042242e-03,4.221209421112575438e-03,3.926725599292459241e-03,3.612181830479537469e-03,3.280147128126932859e-03,2.933400982946021522e-03,2.574894401929829144e-03,2.207708266739683359e-03,1.835009607725249106e-03,1.460006487396703530e-03,1.085902274730352751e-03,7.158501599491226032e-04,3.529088007585045651e-04,0.000000000000000000e+00
0.000000000000000000e+00,2.488160783597399861e-04,4.876851471644836874e-04,7.160989815104535066e-04,9.336683960374948105e-04,1.140146477386368368e-03,1.335447023035300036e-03,1.519658031331516494e-03,1.693050127850224528e-03,1.856079844001639039e-03,2.009387687897384520e-03,2.153790969661505648e-03,2.290271370208297151e-03,2.419957281790622878e-03,2.544101008378781177e-03,2.664051001238752336e-03,2.781219424767375492e-03,2.897045501064052665e-03,3.012955265789754675e-03,3.130318574533003627e-03,3.250404415196135426e-03,3.374335790641132867e-03,3.503045616936394102e-03,3.637235215019693838e-03,3.777337037778408842e-03,3.923483254532152478e-03,4.075481700737313383e-03,4.232800490144026165e-03,4.394562285968851324e-03,4.559548851848728782e-03,4.726216074934100689e-03,4.892719200599132158e-03,5.056947571989977089e-03,5.216567759020697935e-03,5.369073618389764123e-03,5.511841570909445549e-03,5.642189229363055170e-03,5.757435464800293723e-03,5.854960058127463979e-03,5.932261235111768900e-03,5.987009607623119956e-03,6.017097318367995926e-03,6.020681484487873381e-03,5.996221331518765060e-03,5.942508680584183620e-03,5.858691680681364644e-03,5.744291853519149782e-03,5.599214636924683929e-03,5.423753677837952342e-03,5.218589146894263286e-03,4.984780337369160673e-03,4.723752787704887761e-03,4.437280144592151664e-03,4.127460975960991173e-03,3.796690759669651971e-03,3.447629318819964584e-03,3.083164048209726359e-03,2.706369373799616396e-03,2.320463000206250855e-03,1.928759620039050427e-03,1.534622872540859252e-03,1.141416437066371291e-03,7.524552203933397186e-04,3.709576386463367620e-04,0.000000000000000000e+00
0.000000000000000000e+00,2.755718017619462846e-04,5.400758865097712944e-04,7.929020145743505754e-04,1.033575273588534108e-03,1.261781493002203961e-03,1.477387236957766053e-03,1.680454187612927643e-03,1.871247790352930599e-03,2.050240082527136649e-03,2.218106671141465824e-03,2.375717866967801649e-03,2.524124029066472305e-03,2.664535232021166163e-03,2.798295445520731974e-03,2.926851518356627432e-03,3.051717390061802967e-03,3.174434113360055133e-03,3.296526455017352933e-03,3.419457042570645238e-03,3.544579226266840292e-03,3.673090012286843800e-03,3.805984575737368907e-03,3.944013960558365173e-03,4.087647601040194853e-03,4.237042242960916902e-03,4.392018694554471366e-03,4.552047599343777770e-03,4.716245103288989327e-03,4.883378904584335239e-03,5.051884749285225421e-03,5.219892997771807298e-03,5.385264465688762575e-03,5.545634367164864291e-03,5.698462882609050574e-03,5.841090656741810411e-03,5.970797415408803620e-03,6.084861874161549139e-03,6.180621191114493013e-03,6.255528377228991750e-03,6.307206299135358074e-03,6.333497169451514017e-03,6.332506692703107447e-03,6.302642298178218021e-03,6.242645124819255417e-03,6.151615613537506425e-03,6.029032701766099366e-03,5.874766703267681953e-03,5.689085999260511985e-03,5.472657676032452803e-03,5.226542233832959759e-03,4.952182477454781726e-03,4.651386694877780725e-03,4.326306247957363224e-03,3.979407745390934649e-03,3.613440045155555391e-03,3.231396438563153770e-03,2.836472494269713304e-03,2.432020178390472548e-03,2.021499005202855026e-03,1.608425100482923330e-03,1.196319165970590511e-03,7.886544101920581239e-04,3.888055515178741642e-04,0.000000000000000000e+00
0.000000000000000000e+00,3.031356600826230047e-04,5.940475520894899011e-04,8.720189532071317279e-04,1.136485341494384215e-03,1.387062037219248187e-03,1.623565764831150443e-03,1.846029913693727782e-03,2.054713356670531330e-03,2.250102757745004681e-03,2.432908365599797517e-03,2.604053353790566558e-03,2.764656835638098966e-03,2.916010759843485570e-03,3.059550987509189295e-03,3.196822967740345096e-03,3.329442569751689569e-03,3.459052793289170251e-03,3.587277260840805813e-03,3.715671584822064725e-03,3.845673886973807742e-03,3.978555908946823996e-03,4.115376274399854852e-03,4.256937526365247096e-03,4.403748554237005980e-03,4.555993932284668237e-03,4.713511512235071289e-03,4.875779349784225246e-03,5.041912710232643487e-03,5.210671510230401385e-03,5.380478134950728714e-03,5.549445150364124869e-03,5.715412036861619235e-03,5.875989729397176203e-03,6.028611482066549565e-03,6.170588396438675578e-03,6.299167869936925929e-03,6.411593231793261821e-03,6.505162930455041237e-03,6.577287802171910731e-03,6.625545165513542153e-03,6.647728728015849312e-03,6.641893536243361623e-03,6.606395428808239934e-03,6.539924647136740807e-03,6.441533410647982787e-03,6.310657367691180353e-03,6.147130893781379418e-03,5.951196232774070595e-03,5.723506477190655646e-03,5.465122375710691066e-03,5.177502953668412962e-03,4.862489949005267820e-03,4.522286110658540852e-03,4.159427483260103205e-03,3.776749910751771560e-03,3.377350126991628034e-03,2.964541954903125980e-03,2.541808296177693917e-03,2.112749749057848438e-03,1.681030830785327059e-03,1.250324893801841490e-03,8.242589027520658314e-04,4.063592772255006022e-04,0.000000000000000000e+00
0.000000000000000000e+00,3.313557974254786507e-04,6.493034435438149038e-04,9.530164155471783707e-04,1.241837656850441635e-03,1.515309460257398440e-03,1.773196594661841357e-03,2.015502418703484823e-03,2.242477829433913578e-03,2.454622990036807798e-03,2.652681870140511343e-03,2.837629719102060383e-03,3.010653682036046851e-03,3.173126866147079478e-03,3.326576276556566635e-03,3.472645170220982607e-03,3.613050525017247588e-03,3.749536486411940601e-03,3.883824830122882023e-03,4.017563655620551809e-03,4.152275688581251456e-03,4.289307704579024480e-03,4.429782674768879824e-03,4.574556261632716815e-03,4.724179246756075867e-03,4.878867345780858213e-03,5.038479657226109694e-03,5.202506708036066380e-03,5.370068712896206888e-03,5.539924276218182765e-03,5.710489359495383999e-03,5.879865939036536641e-03,6.045879416129576640e-03,6.206123536742751828e-03,6.358011348954025616e-03,6.498830584512925619e-03,6.625801799598264076e-03,6.736137644474240148e-03,6.827101740927807305e-03,6.896065813170312170e-03,6.940563921880677986e-03,6.958342870573895264e-03,6.947408067849461695e-03,6.906064320799736554e-03,6.832951191261706428e-03,6.727072660946384168e-03,6.587820923377320226e-03,6.414994155566933719e-03,6.208808130860225122e-03,5.969901529954540001e-03,5.699334804486221040e-03,5.398582460537619185e-03,5.069518668932087961e-03,4.714396182020133379e-03,4.335818644659301599e-03,3.936706527148136660e-03,3.520257072595384725e-03,3.089898830052701696e-03,2.649241525465953831e-03,2.202022192588068417e-03,1.752048633910943025e-03,1.303141397772035644e-03,8.590755348694821981e-04,4.235234309067638608e-04,0.000000000000000000e+00
0.000000000000000000e+00,3.600755983019287903e-04,7.055374982545381101e-04,1.035447191161054320e-03,1.349053098932218118e-03,1.645822684462073734e-03,1.925467119584160867e-03,2.187958219080054275e-03,2.433537479024790694e-03,2.662717179130144954e-03,2.876273623328750532e-03,3.075232703868012278e-03,3.260848086116218108e-03,3.434572429065441482e-03,3.598022184566568391e-03,3.752936659455447400e-03,3.901132179110034393e-03,4.044452355434089742e-03,4.184715629907724381e-03,4.323661422756540189e-03,4.462896359218258488e-03,4.603842148452634217e-03,4.747686744940483525e-03,4.895340413121464750e-03,5.047398233987808111e-03,5.204110433010553267e-03,5.365361674044902274e-03,5.530660162422805851e-03,5.699137047438750797e-03,5.869556230376382633e-03,6.040334293168202022e-03,6.209569890011544351e-03,6.375081613746147978e-03,6.534453080744618420e-03,6.685083786946053978e-03,6.824244180885870661e-03,6.949133377010404365e-03,7.056937986890392429e-03,7.144890663756446603e-03,7.210327119271204774e-03,7.250740560498346830e-03,7.263832689386195279e-03,7.247560588533652481e-03,7.200178971196836281e-03,7.120277391305279355e-03,7.006812087535374198e-03,6.859132177072358935e-03,6.676999927707655789e-03,6.460604833446048287e-03,6.210571213063550977e-03,5.927959057408025388e-03,5.614257882144616137e-03,5.271373407062703194e-03,4.901606985264574112e-03,4.507627844743036967e-03,4.092438375390478576e-03,3.659332886805183056e-03,3.211850464206162693e-03,2.753722748089877485e-03,2.288817645078119675e-03,1.821080131386293866e-03,1.354471427492348482e-03,8.929078966495243444e-04,4.402010473698035912e-04,0.000000000000000000e+00
0.000000000000000000e+00,3.891346113889754895e-04,7.624360614576873715e-04,1.118852742557579919e-03,1.457537456260907379e-03,1.777881707929659808e-03,2.079541874320414534e-03,2.362456918003838502e-03,2.626857478332983702e-03,2.873266316426354924e-03,3.102490232170572113e-03,3.315603707108207357e-03,3.513924661856931975e-03,3.698982854339718726e-03,3.872481588895652395e-03,4.036253557940981673e-03,4.192211796369295536e-03,4.342296890277967496e-03,4.488421738510984388e-03,4.632415307518018832e-03,4.775966934539608438e-03,4.920572807573544288e-03,5.067486269999611596e-03,5.217673552480218621e-03,5.371776418075664347e-03,5.530083016924716710e-03,5.692507988935718334e-03,5.858582537568529820e-03,6.027454841528837731e-03,6.197900795025449230e-03,6.368344694641536741e-03,6.536889145510689156e-03,6.701353162801067069e-03,6.859317213492657772e-03,7.008173788962767867e-03,7.145182024787238156e-03,7.267524887047387833e-03,7.372367514438191161e-03,7.456915427605095154e-03,7.518471473125691064e-03,7.554490539965983895e-03,7.562631252623477907e-03,7.540803991988124025e-03,7.487214711157324717e-03,7.400404093482878740e-03,7.279281644323128998e-03,7.123154322172713451e-03,6.931749309439089006e-03,6.705230511530235228e-03,6.444208369623267638e-03,6.149742591128035986e-03,5.823337453334642005e-03,5.466929426760087050e-03,5.082866996985131725e-03,4.673882733835423714e-03,4.243057856530483424e-03,3.793779761329271055e-03,3.329693200654697607e-03,2.854646015672576264e-03,2.372630514826160140e-03,1.887721747983930193e-03,1.404014041494704027e-03,9.255572283940469765e-04,4.562940279605268439e-04,0.000000000000000000e+00
0.000000000000000000e+00,4.183686281522165109e-04,8.196780081415489666e-04,1.202763306680672099e-03,1.566681421035080604e-03,1.910747388545517558e-03,2.234561995665284954e-03,2.538030226335603184e-03,2.821370372070650459e-03,3.085113800683378545e-03,3.330095547491339521e-03,3.557436053789232375e-03,3.768514534985246793e-03,3.964934617896798651e-03,4.148483045406045795e-03,4.321082407470309625e-03,4.484739018448511555e-03,4.641487217060803055e-03,4.793331509366276222e-03,4.942188096782363510e-03,5.089827418671704837e-03,5.237819380377764338e-03,5.387482921986345638e-03,5.539841502460079829e-03,5.695585924225626991e-03,5.855045706095254009e-03,6.018169934653671595e-03,6.184518198694730767e-03,6.353261855601850458e-03,6.523195513822221611e-03,6.692758264345202018e-03,6.860063878110380861e-03,7.022938924223989278e-03,7.178967569423091652e-03,7.325541699699737036e-03,7.459914960733836017e-03,7.579259338425160808e-03,7.680722982287463245e-03,7.761488096583468201e-03,7.818827868509820034e-03,7.850161551136460719e-03,7.853106954813204518e-03,7.825529711750815742e-03,7.765588756812651094e-03,7.671777511204669157e-03,7.542960268352431885e-03,7.378403271405766309e-03,7.177799951838694133e-03,6.941289782860978960e-03,6.669470204257479246e-03,6.363401109402113537e-03,6.024601459605163044e-03,5.655037709971728888e-03,5.257103893616867085e-03,4.833593411308087159e-03,4.387662800978233898e-03,3.922788002672661541e-03,3.442713874586885575e-03,2.951397940390029437e-03,2.452949544130711684e-03,1.951565746431459117e-03,1.451465407267464201e-03,9.568229624538240712e-04,4.717034119884279853e-04,0.000000000000000000e+00
0.000000000000000000e+00,4.476087690022633988e-04,8.769329303020311286e-04,1.286695181460533258e-03,1.675856960060599903e-03,2.043656875608020149e-03,2.389639687105895877e-03,2.713675433364112852e-03,3.015968532234119572e-03,3.297056866364412100e-03,3.557801066335840225e-03,3.799364387941364749e-03,4.023183760478775059e-03,4.230932758861214935e-03,4.424477424997619139e-03,4.605826032561521552e-03,4.777074051061503193e-03,4.940345714650414867e-03,5.097733730560695398e-03,5.251238761766515405e-03,5.402710377872804032e-03,5.553791177072024340e-03,5.705865731781040347e-03,5.860015895876542757e-03,6.016983831182009558e-03,6.177143869003625526e-03,6.340484028413545352e-03,6.506597681000793332e-03,6.674685500349857546e-03,6.843567484415347298e-03,7.011704511542595289e-03,7.177228605707100702e-03,7.337980859370511408e-03,7.491555803459185037e-03,7.635350927154851974e-03,7.766620032520383209e-03,7.882529151407198509e-03,7.980213840691141591e-03,8.056836789686229114e-03,8.109644802611077480e-03,8.136024342327397713e-03,8.133554925272004285e-03,8.100059732016584232e-03,8.033652839009473509e-03,7.932782486224060348e-03,7.796269779393004765e-03,7.623342195299977544e-03,7.413661228123971311e-03,7.167343498993547501e-03,6.884974663688074419e-03,6.567615506036893550e-03,6.216799703987728638e-03,5.834522903337135101e-03,5.423222927086537859e-03,4.985751177653536051e-03,4.525335542135876243e-03,4.045535372482084516e-03,3.550189367048774657e-03,3.043357412841057787e-03,2.529257646222351705e-03,2.012200144649603506e-03,1.496518767099014801e-03,9.865027136909218942e-04,4.863293758789545606e-04,0.000000000000000000e+00
0.000000000000000000e+00,4.766794372187643206e-04,9.338571172184681815e-04,1.370144801406169947e-03,1.784409552746492279e-03,2.175814077453176992e-03,2.543846985689561871e-03,2.888342547195537485e-03,3.209489753055034394e-03,3.507830722688378734e-03,3.784248714374381737e-03,4.039946207987112764e-03,4.276413730587386337e-03,4.495390289417939417e-03,4.698816462318173952e-03,4.888781370743411694e-03,5.067464921651168401e-03,5.237076845612492586e-03,5.399794171868931708e-03,5.557698857703361264e-03,5.712717320183969584e-03,5.866563594769370026e-03,6.020687761336392628e-03,6.176231131215462015e-03,6.333989480429046311e-03,6.494385351025287051e-03,6.657450135554523855e-03,6.822816325020041039e-03,6.989719956852727401e-03,7.157012966888265555e-03,7.323184847721744307e-03,7.486392762339145503e-03,7.644499069287605079e-03,7.795115090730343407e-03,7.935649897926036825e-03,8.063362893998924502e-03,8.175419029883850344e-03,8.268945580671274720e-03,8.341089518890131699e-03,8.389074631316521466e-03,8.410257621565343442e-03,8.402182510685711828e-03,8.362632685904558896e-03,8.289679952789164724e-03,8.181729923196679258e-03,8.037563030043859066e-03,7.856370413336652772e-03,7.637783885128758901e-03,7.381899169209012179e-03,7.089291637518864257e-03,6.761023839129399332e-03,6.398644243753842838e-03,6.004176799393202632e-03,5.580101126471677386e-03,5.129323427594909869e-03,4.655138468265142444e-03,4.161183263120710706e-03,3.651383368138895903e-03,3.129892916982554996e-03,2.601029737376783692e-03,2.069207032736639779e-03,1.538863210623257240e-03,1.014391481800253894e-03,5.000708433285617430e-04,0.000000000000000000e+00
0.000000000000000000e+00,5.053949990395207540e-04,9.900870519864496053e-04,1.452579197725221895e-03,1.891645772078666583e-03,2.306374530121277962e-03,2.696198094279830815e-03,3.060914274990846583e-03,3.400695071412996630e-03,3.716084413310156639e-03,4.007984949661795408e-03,4.277634423605692834e-03,4.526572396193796061e-03,4.756598292227641293e-03,4.969721938453241193e-03,5.168107944649504362e-03,5.354015437025885261e-03,5.529734784605448879e-03,5.697523055379787905e-03,5.859539991867698631e-03,6.017786297558462907e-03,6.174045970342123026e-03,6.329834302817297607e-03,6.486352992316553497e-03,6.644453569877664841e-03,6.804610076043074614e-03,6.966901595427794046e-03,7.131004928122248142e-03,7.296197343079120594e-03,7.461369046063192137e-03,7.625044720464391364e-03,7.785413277859525027e-03,7.940364796235600126e-03,8.087533530779320717e-03,8.224345852234887788e-03,8.348071992266399566e-03,8.455880540557401612e-03,8.544894728109587306e-03,8.612249628047241590e-03,8.655149493081194800e-03,8.670924514611188724e-03,8.657086323769186409e-03,8.611381556486559508e-03,8.531842775546749635e-03,8.416835990476840418e-03,8.265103953213354809e-03,8.075804348685038103e-03,7.848541960662003616e-03,7.583393889288647834e-03,7.280926939657867206e-03,6.942206398227554476e-03,6.568795568060190569e-03,6.162745641244143577e-03,5.726575738443742160e-03,5.263243227882505315e-03,4.776104732805100221e-03,4.268868530081237032e-03,3.745539316315782147e-03,3.210356557126582428e-03,2.667727829082343089e-03,2.122158705063711265e-03,1.578180819363759774e-03,1.040279778977073891e-03,5.128245652274588534e-04,0.000000000000000000e+00
0.000000000000000000e+00,5.335550320573796560e-04,1.045230114854195239e-03,1.533422388452996329e-03,1.996815615707604567e-03,2.434423942661501170e-03,2.845624430035286617e-03,3.230177875755215616e-03,3.588237733644300889e-03,3.920347211768655804e-03,4.227424902567836901e-03,4.510739553520288353e-03,4.771874829695312188e-03,5.012685145890660894e-03,5.235243853196850511e-03,5.441785248702576093e-03,5.634642032327136230e-03,5.816179954967827352e-03,5.988731480138492075e-03,6.154530309968564775e-03,6.315648599751478610e-03,6.473938599115508334e-03,6.630980311246354938e-03,6.788036557046931915e-03,6.946016575453469767e-03,7.105448995276063273e-03,7.266464692523464178e-03,7.428789717555229523e-03,7.591748157234842059e-03,7.754274506753765055e-03,7.914934879865290207e-03,8.071956196752019114e-03,8.223262362066765738e-03,8.366516382078430583e-03,8.499167363410789489e-03,8.618501375320957239e-03,8.721695227679128817e-03,8.805872300699544436e-03,8.868159643145833923e-03,8.905745618556873758e-03,8.915937413353575841e-03,8.896217721019566635e-03,8.844299883184697161e-03,8.758180707318929947e-03,8.636190102707656802e-03,8.477036595865487453e-03,8.279847719871624018e-03,8.044204235540228926e-03,7.770167150136795056e-03,7.458296562046834097e-03,7.109661482860963645e-03,6.725839971406691147e-03,6.308909151070977474e-03,5.861424960772149834e-03,5.386391795559749077e-03,4.887222507116672533e-03,4.367689539061960120e-03,3.831868250002784960e-03,3.284073714817495326e-03,2.728792481669591215e-03,2.170610893059331682e-03,1.614141652199839634e-03,1.063950332959126338e-03,5.244834968524518266e-04,0.000000000000000000e+00
0.000000000000000000e+00,5.609379482709185615e-04,1.098852112996818271e-03,1.612037138141710936e-03,2.099088852952913850e-03,2.558949517190795431e-03,2.990941325344176512e-03,3.394787665583194267e-03,3.770621937625717561e-03,4.118984035603026617e-03,4.440804893571966006e-03,4.737379769170011433e-03,5.010331201798004334e-03,5.261562822109450838e-03,5.493205405303978016e-03,5.707556746706296535e-03,5.907017088424949304e-03,6.094021933983386104e-03,6.270974147094677924e-03,6.440177235306617995e-03,6.603771664760256857e-03,6.763675936943894240e-03,6.921533983489173460e-03,7.078670205910259777e-03,7.236053212834814979e-03,7.394269000524756642e-03,7.553503999166063729e-03,7.713538085246389626e-03,7.873747357463571281e-03,8.033116206805752946e-03,8.190257994397551547e-03,8.343443492435259970e-03,8.490636147304692072e-03,8.629533186881076581e-03,8.757611607325584135e-03,8.872178124979592309e-03,8.970422249783064489e-03,9.049471710669021798e-03,9.106449524538536705e-03,9.138532035865317218e-03,9.143007255656619009e-03,9.117332794052961098e-03,9.059192613878542383e-03,8.966551742044555698e-03,8.837707975367698268e-03,8.671339523445214387e-03,8.466547461031160779e-03,8.222891832138222445e-03,7.940420271144145448e-03,7.619688091264217866e-03,7.261768940960642779e-03,6.868255341162473465e-03,6.441248681608182335e-03,5.983338559211893309e-03,5.497571667559962745e-03,4.987410775255345444e-03,4.456684642954594766e-03,3.909530007861304959e-03,3.350326997010641406e-03,2.783629508165305112e-03,2.214092215378570417e-03,1.646395915246934597e-03,1.085172932870107467e-03,5.349342591351673561e-04,0.000000000000000000e+00
0.000000000000000000e+00,5.872927377349239321e-04,1.150461137382410544e-03,1.687701350524780427e-03,2.197524421338410954e-03,2.678802854448533721e-03,3.130804975612687044e-03,3.553216559642832176e-03,3.946149530318787506e-03,4.310137861097905129e-03,4.646121118435707006e-03,4.955416387040180101e-03,5.239679593908618156e-03,5.500857500742579835e-03,5.741131856963311089e-03,5.962857392106299913e-03,6.168495470450582538e-03,6.360545325863711449e-03,6.541474835095336011e-03,6.713652768525315943e-03,6.879284376189126124e-03,7.040352024163247513e-03,7.198562395935859115e-03,7.355301522779160092e-03,7.511598617604174806e-03,7.668099372737811371e-03,7.825049060255545932e-03,7.982285461738502022e-03,8.139241369920304642e-03,8.294956162783199277e-03,8.448095762564193298e-03,8.596980163987386764e-03,8.739617648025149038e-03,8.873744783722442228e-03,8.996871349818792024e-03,9.106329364805506796e-03,9.199325481326807788e-03,9.272996061274877896e-03,9.324464286640552629e-03,9.350898667419128493e-03,9.349572276358714129e-03,9.317921971903299003e-03,9.253606772158001759e-03,9.154564426132728513e-03,9.019065109775384684e-03,8.845761071279939144e-03,8.633730980734262081e-03,8.382517719207940518e-03,8.092158383860136722e-03,7.763205395286749966e-03,7.396737771700548532e-03,6.994361875891453272e-03,6.558201233658466321e-03,6.090875350285174933e-03,5.595467795415561343e-03,5.075484166174324199e-03,4.534800854438809925e-03,3.977605820549130755e-03,3.408332800340851780e-03,2.831590537903203898e-03,2.252088740366842666e-03,1.674562494911657979e-03,1.103696876803310009e-03,5.440534173593898496e-04,0.000000000000000000e+00
0.000000000000000000e+00,6.123284888413448816e-04,1.199487070763300984e-03,1.759578097308517070e-03,2.291031565315597516e-03,2.792652836811481288e-03,3.263657734544178624e-03,3.703694469283854394e-03,4.112852205817331235e-03,4.491656419203300665e-03,4.841051525654120787e-03,5.162371587812817318e-03,5.457300186520843907e-03,5.727820814423688865e-03,5.976159374535741815e-03,6.204720552465049777e-03,6.416019967646291455e-03,6.612614090391401127e-03,6.797029932735907179e-03,6.971696478721820314e-03,7.138879713320005378e-03,7.300622941266950335e-03,7.458693863851732948e-03,7.614539612937079593e-03,7.769250640351908765e-03,7.923534043011033409e-03,8.077696587062165035e-03,8.231637395629234216e-03,8.384850000580642421e-03,8.536433242492346904e-03,8.685110343434488539e-03,8.829255377654752351e-03,8.966926322856396195e-03,9.095903880912609152e-03,9.213735297995209045e-03,9.317782473485844430e-03,9.405273706836244502e-03,9.473358475069092871e-03,9.519164647468058432e-03,9.539857519784852857e-03,9.532699985635677623e-03,9.495113061684261335e-03,9.424735855664083048e-03,9.319483927036272333e-03,9.177604857018894016e-03,8.997729736904956643e-03,8.778919219077824937e-03,8.520702769003700786e-03,8.223109819101407508e-03,7.886691661215802091e-03,7.512533121396828412e-03,7.102253330337916087e-03,6.657995221051595316e-03,6.182403733837675899e-03,5.678593066672876430e-03,5.150103655934295220e-03,4.600849888805616517e-03,4.035059819286202810e-03,3.457208373595418733e-03,2.871945682221708259e-03,2.284022264062486856e-03,1.698212816243515862e-03,1.119240337411861767e-03,5.517022403466480176e-04,0.000000000000000000e+00
0.000000000000000000e+00,6.357012170518237977e-04,1.245255827230825523e-03,1.826677928226994475e-03,2.378320942480889079e-03,2.898926309235553417e-03,3.387659187180629833e-03,3.844130608766387850e-03,4.268405896923566090e-03,4.660999518450599163e-03,5.022856899084385957e-03,5.355324056625167944e-03,5.660106213611302943e-03,5.939216822821963976e-03,6.194918669980881316e-03,6.429658901101188012e-03,6.645999950037218690e-03,6.846548409101030873e-03,7.033883887883822343e-03,7.210489840945663413e-03,7.378688215094404527e-03,7.540579576328317914e-03,7.697990133550561276e-03,7.852426792709900349e-03,8.005041065842082720e-03,8.156602341398996522e-03,8.307480712949543919e-03,8.457639279943463678e-03,8.606635591734145690e-03,8.753631715758342785e-03,8.897412278968050425e-03,9.036409758736969541e-03,9.168736279877617856e-03,9.292221196913313594e-03,9.404453789893799792e-03,9.502830459980961611e-03,9.584605859784559034e-03,9.646947417187162754e-03,9.686992698563455517e-03,9.701909001993507670e-03,9.688954473933792874e-03,9.645539910996741434e-03,9.569290254893338468e-03,9.458104630407342811e-03,9.310213633075430095e-03,9.124232464853686275e-03,8.899208460309462887e-03,8.634661556733529142e-03,8.330616347496041380e-03,7.987624521000923419e-03,7.606776722981004046e-03,7.189703176487712011e-03,6.738562735305994936e-03,6.256020412526259837e-03,5.745213794843335130e-03,5.209709103575667008e-03,4.653447976719970319e-03,4.080686308063749025e-03,3.495926680089390948e-03,2.903846063098475955e-03,2.309220524532674089e-03,1.716848704627905054e-03,1.131475774681674987e-03,5.577195110088903991e-04,0.000000000000000000e+00
0.000000000000000000e+00,6.569973706292370295e-04,1.286957083860686656e-03,1.887811638025568882e-03,2.457843311013642278e-03,2.995733632649664850e-03,3.500599558630079766e-03,3.972015775437173421e-03,4.410022952415004055e-03,4.815122137720877910e-03,5.188255861561475064e-03,5.530776855310182323e-03,5.844405610873428664e-03,6.131178282909220505e-03,6.393386669053899123e-03,6.633512182373367538e-03,6.854155848891008498e-03,7.057966415860300775e-03,7.247568640299109112e-03,7.425493741939083979e-03,7.594113853325372594e-03,7.755582089143484709e-03,7.911779597374811804e-03,8.064270660232578797e-03,8.214266599144467995e-03,8.362598922920291139e-03,8.509701859418208197e-03,8.655604144907501699e-03,8.799929725442506151e-03,8.941906860108013791e-03,9.080385010719692340e-03,9.213858854151603731e-03,9.340498753622729355e-03,9.458187060557524117e-03,9.564559671987453784e-03,9.657052321303651390e-03,9.732951114758804992e-03,9.789446827833499926e-03,9.823692434869120069e-03,9.832863259020871438e-03,9.814219001256814859e-03,9.765166747007770348e-03,9.683323872772275215e-03,9.566579601811510750e-03,9.413153808915119408e-03,9.221651569251348296e-03,8.991111902802934389e-03,8.721049196335980275e-03,8.411485895615050667e-03,8.062975251148922842e-03,7.676613163695699890e-03,7.254038497389722270e-03,6.797421590069713249e-03,6.309441070498800208e-03,5.793249468071084811e-03,5.252428450995699077e-03,4.690934835817534010e-03,4.113038761196865373e-03,3.523255604361789223e-03,2.926273337311104897e-03,2.326877074251612870e-03,1.729872558123914409e-03,1.140010280883157773e-03,5.619118388339000266e-04,0.000000000000000000e+00
0.000000000000000000e+00,6.757131745990568785e-04,1.323603858974716461e-03,1.941531070726473969e-03,2.527712637432249446e-03,3.080775240853615270e-03,3.599790914894486840e-03,4.084299418623663948e-03,4.534316307581147225e-03,4.950326922021920303e-03,5.333266891160885238e-03,5.684490109196053617e-03,6.005725463006588750e-03,6.299023873948370218e-03,6.566697448305396957e-03,6.811252704586556912e-03,7.035319954184919393e-03,7.241580950167407493e-03,7.432696885092709982e-03,7.611238714035890515e-03,7.779621608391008164e-03,7.940045118265629670e-03,8.094440348638017382e-03,8.244425152126529793e-03,8.391268026459432205e-03,8.535861095617928995e-03,8.678702267690435734e-03,8.819886415191071499e-03,8.959105226867214444e-03,9.095655240880981193e-03,9.228453488928971271e-03,9.356060154439512638e-03,9.476707664737465606e-03,9.588335681590474946e-03,9.688631508544900267e-03,9.775075477973972291e-03,9.844990898620082503e-03,9.895598122474849948e-03,9.924072220776817763e-03,9.927603642261761258e-03,9.903461069200689137e-03,9.849055501257778997e-03,9.762004401856032298e-03,9.640194557635439060e-03,9.481842150525911922e-03,9.285548444085429259e-03,9.050349457415569898e-03,8.775758051957191844e-03,8.461796992868642064e-03,8.109021764389441611e-03,7.718532207531704666e-03,7.291972392555778545e-03,6.831518517464827030e-03,6.339855014265600129e-03,5.820139423896962018e-03,5.275956947491713608e-03,4.711265878926410890e-03,4.130335359593150998e-03,3.537677064962024831e-03,2.937972533330668323e-03,2.335997884391578013e-03,1.736547656445958749e-03,1.144359425666271286e-03,5.640407686509409926e-04,0.000000000000000000e+00
0.000000000000000000e+00,6.912287173317863131e-04,1.353981788679067344e-03,1.986054804474797226e-03,2.585609505208922437e-03,3.151224165256580334e-03,3.681930251124476174e-03,4.177234771069356090e-03,4.637128147827710052e-03,5.062077854144184964e-03,5.453008442419488705e-03,5.811268965511846331e-03,6.138589115739143814e-03,6.437025693704880730e-03,6.708901248424891522e-03,6.956736897108795926e-03,7.183181430330541455e-03,7.390938832160653428e-03,7.582696294236631468e-03,7.761054680485924423e-03,7.928463211959552517e-03,8.087159899477884550e-03,8.239118969417832603e-03,8.386006221486644666e-03,8.529142944787439229e-03,8.669478718184846222e-03,8.807573150007047547e-03,8.943586384817330676e-03,9.077278031537558411e-03,9.208014052457403481e-03,9.334781095414763225e-03,9.456207744327455034e-03,9.570592193413801629e-03,9.675935900824415153e-03,9.769982828823299895e-03,9.850263911128084166e-03,9.914146387247703071e-03,9.958887597203416528e-03,9.981692732914769148e-03,9.979775897078576111e-03,9.950423636048338905e-03,9.891059905724473508e-03,9.799311218985308838e-03,9.673070532208919922e-03,9.510558279280271338e-03,9.310378873914629261e-03,9.071570990270873269e-03,8.793650006554644058e-03,8.476641158320764521e-03,8.121102191788310762e-03,7.728134620117333570e-03,7.299383049035118413e-03,6.837022430318228858e-03,6.343733498587639762e-03,5.822667025406931020e-03,5.277397864323752838e-03,4.711870045358739281e-03,4.130334397293136152e-03,3.537280326708420585e-03,2.937363465399073139e-03,2.335330918274239245e-03,1.735945810915628940e-03,1.143912759718018713e-03,5.638057782028226168e-04,0.000000000000000000e+00
0.000000000000000000e+00,7.027753714540758241e-04,1.376585341174155382e-03,2.019174663097850382e-03,2.628659538157790670e-03,3.203578072054990775e-03,3.742926906666147260e-03,4.246183441694465453e-03,4.713313488152999151e-03,5.144764612951416641e-03,5.541445833878500850e-03,5.904694696184620631e-03,6.236233095234077449e-03,6.538113493996502469e-03,6.812657409872944353e-03,7.062388204271472306e-03,7.289960294349116104e-03,7.498086916186534785e-03,7.689468502637126016e-03,7.866723601401859681e-03,8.032324057776350085e-03,8.188535934049862020e-03,8.337367348958865318e-03,8.480524113429714975e-03,8.619373731669035740e-03,8.754918047723320509e-03,8.887774563336609326e-03,9.018166246357603791e-03,9.145919498482162416e-03,9.270469859467311488e-03,9.390874988620520961e-03,9.505834473788289316e-03,9.613716058499704661e-03,9.712587931038556971e-03,9.800256765285753416e-03,9.874311223518452210e-03,9.932170610815258330e-03,9.971138299734078753e-03,9.988459419943272743e-03,9.981382135490464783e-03,9.947221624537320311e-03,9.883425650713647398e-03,9.787640393717987261e-03,9.657775012904764450e-03,9.492063273818424768e-03,9.289120493013770102e-03,9.047994064672678846e-03,8.768205930308048748e-03,8.449785539525930464e-03,8.093292117219003795e-03,7.699825385817374128e-03,7.271024270208779894e-03,6.809053514248300000e-03,6.316578536989084051e-03,5.796729230796671302e-03,5.253053732746260085e-03,4.689463470625565046e-03,4.110170986968364470e-03,3.519622176423025522e-03,2.922424636435927252e-03,2.323273835866186427e-03,1.726878760461589149e-03,1.137888608788418642e-03,5.608219975139561771e-04,0.000000000000000000e+00
0.000000000000000000e+00,7.093947647364790216e-04,1.389537472055068579e-03,2.038137921363738104e-03,2.653280149080983284e-03,3.233472648264670499e-03,3.777684753468530526e-03,4.285368611470576766e-03,4.756466590448552891e-03,5.191404404289156130e-03,5.591070633838361205e-03,5.956783701852194635e-03,6.290247692043215814e-03,6.593498684200326324e-03,6.868843497129241762e-03,7.118792881053821568e-03,7.345991275546509720e-03,7.553145245647548134e-03,7.742952629017528163e-03,7.918034276299563967e-03,8.080870055005216074e-03,8.233740527559202729e-03,8.378675422980820867e-03,8.517409717281300419e-03,8.651347838834888906e-03,8.781536239675461278e-03,8.908644337418560391e-03,9.032953646996135302e-03,9.154354793217052769e-03,9.272352024980645355e-03,9.386074834166724737e-03,9.494296305309882569e-03,9.595457869867742018e-03,9.687700191960361279e-03,9.768899950963498210e-03,9.836712292209247310e-03,9.888618676479476663e-03,9.921979764382676120e-03,9.934092822915616128e-03,9.922252946057813147e-03,9.883817153685232546e-03,9.816270193459104842e-03,9.717290641987730293e-03,9.584815708565350492e-03,9.417103009404915667e-03,9.212787520539918520e-03,8.970931945440470401e-03,8.691068853554421297e-03,8.373233155386140478e-03,8.017983767863343450e-03,7.626413673704607148e-03,7.200147968608782215e-03,6.741329896008123497e-03,6.252595266223764069e-03,5.737036022541307408e-03,5.198154032468065532e-03,4.639806435272039557e-03,4.066144060111410476e-03,3.481544542032358278e-03,2.890541810449554633e-03,2.297753614816075689e-03,1.707808695520022331e-03,1.125275115585188355e-03,5.545911506828932495e-04,0.000000000000000000e+00
0.000000000000000000e+00,7.098870680440575592e-04,1.390488345497022105e-03,2.039498783341420207e-03,2.654987249217977130e-03,3.235446133680102906e-03,3.779827224295428511e-03,4.287563277172735596e-03,4.758575150389380767e-03,5.193264790341756837e-03,5.592494768374227897e-03,5.957555439401975537e-03,6.290121125041876239e-03,6.592197000024624561e-03,6.866058572637842063e-03,7.114185789886868887e-03,7.339193860978136807e-03,7.543762877139407845e-03,7.730568214214114491e-03,7.902213543659520126e-03,8.061168058393441624e-03,8.209709256797419197e-03,8.349872338214261655e-03,8.483406965109857242e-03,8.611741859465404242e-03,8.735957441315164024e-03,8.856766500153668772e-03,8.974502725440177200e-03,9.089116815469443222e-03,9.200179833203895804e-03,9.306893475809171687e-03,9.408106958504400263e-03,9.502340265503953637e-03,9.587813571486636377e-03,9.662482666404894824e-03,9.724080207335143375e-03,9.770162561177079402e-03,9.798161885750484787e-03,9.805442926319971400e-03,9.789363789630250653e-03,9.747339714766597302e-03,9.676908611191064463e-03,9.575796903416438147e-03,9.441984033241750118e-03,9.273763845950874427e-03,9.069801043148133235e-03,8.829180932147847466e-03,8.551450842616846459e-03,8.236651810222660880e-03,7.885339431805115859e-03,7.498593158451147614e-03,7.078013688965824682e-03,6.625708531734036261e-03,6.144266193376566286e-03,5.636719806116336981e-03,5.106501305183371898e-03,4.557387501584428922e-03,3.993439559207152476e-03,3.418937479602594549e-03,2.838311228916525104e-03,2.256070118707019252e-03,1.676731986802775876e-03,1.104753626962076208e-03,5.444637967558017648e-04,0.000000000000000000e+00
0.000000000000000000e+00,7.027458352609611530e-04,1.376487704029071392e-03,2.018931185105525810e-03,2.628151565508400969e-03,3.202642373654877340e-03,3.741350418792841175e-03,4.243696780827138117e-03,4.709583627597286465e-03,5.139387160754873424e-03,5.533937394263345987e-03,5.894485839050270758e-03,6.222662491649814075e-03,6.520423792753415881e-03,6.789993423879488177e-03,7.033797939550926262e-03,7.254399284119277501e-03,7.454426216066792170e-03,7.636506561758720640e-03,7.803202052973525274e-03,7.956947279887863558e-03,8.099994028692044518e-03,8.234361988213428560e-03,8.361796521527197629e-03,8.483733924942855192e-03,8.601274354582674753e-03,8.715162403356907159e-03,8.825775167255515974e-03,8.933117552702332653e-03,9.036824543313698443e-03,9.136170155761996065e-03,9.230082856244301720e-03,9.317167263126488810e-03,9.395732007719507714e-03,9.463823644555578729e-03,9.519266478861032610e-03,9.559708101481866407e-03,9.582670286668679843e-03,9.585604720045324753e-03,9.565952794554771765e-03,9.521208459424520751e-03,9.448982853939297613e-03,9.347069228769502858e-03,9.213506476806012854e-03,9.046639483652968786e-03,8.845174480453528443e-03,8.608227646908096081e-03,8.335365370750413838e-03,8.026634814343420327e-03,7.682583755175076759e-03,7.304269034984691746e-03,6.893253348468601424e-03,6.451590502048754235e-03,5.981799652088505038e-03,5.486829369482019991e-03,4.970012658010104951e-03,4.435014267636750579e-03,3.885771787797128850e-03,3.326432082313771944e-03,2.761284644078410965e-03,2.194693414177818942e-03,1.631028537996744455e-03,1.074599430875671380e-03,5.295904075123238292e-04,0.000000000000000000e+00
0.000000000000000000e+00,6.860760008300373011e-04,1.343824237089146249e-03,1.970993165385648196e-03,2.565691859690876365e-03,3.126436900277070139e-03,3.652186175534700031e-03,4.142359062033211872e-03,4.596842872928814591e-03,5.015985880409871457e-03,5.400577611597545333e-03,5.751817476881856267e-03,6.071273103224641803e-03,6.360830001635318226e-03,6.622634388612473437e-03,6.859031099053545556e-03,7.072498569344339014e-03,7.265582834215074219e-03,7.440832373816504315e-03,7.600735476851852232e-03,7.747661563877973265e-03,7.883807657576041850e-03,8.011150911489729048e-03,8.131407833830603740e-03,8.246000586202228977e-03,8.356030514110606919e-03,8.462258888984129646e-03,8.565094717441469607e-03,8.664589404406876361e-03,8.760438038033684441e-03,8.851987086087087508e-03,8.938248340358299904e-03,9.017918999378923134e-03,9.089407820490148782e-03,9.150867281722815244e-03,9.200231657148179309e-03,9.235260817316310461e-03,9.253589417269336703e-03,9.252780934333104321e-03,9.230385779743711244e-03,9.184002451463757141e-03,9.111340443529415342e-03,9.010283404570952268e-03,8.878950868096681381e-03,8.715756779262449558e-03,8.519463030888489372e-03,8.289226301969728969e-03,8.024636663611759216e-03,7.725746671367984993e-03,7.393089983837019055e-03,7.027688914451286212e-03,6.631050712894317675e-03,6.205152759962030175e-03,5.752417221908607929e-03,5.275676028014554195e-03,4.778127294183281970e-03,4.263284507897886939e-03,3.734919914211471022e-03,3.197003602512098717e-03,2.653639797694533429e-03,2.109001817641232603e-03,1.567267082822970930e-03,1.032553463858728194e-03,5.088581377485368058e-04,0.000000000000000000e+00
0.000000000000000000e+00,6.574908979752037931e-04,1.287823843947473543e-03,1.888830913950715869e-03,2.458689564914745638e-03,2.995967162604405622e-03,3.499653039388318267e-03,3.969177576467272303e-03,4.404418214007772663e-03,4.805692692186331119e-03,5.173740203727509278e-03,5.509691481949751529e-03,5.815029146033007940e-03,6.091539866720604990e-03,6.341260092279754623e-03,6.566417180107642949e-03,6.769367810947272968e-03,6.952535521113445936e-03,7.118349078347992534e-03,7.269183257885889100e-03,7.407303359606048562e-03,7.534814560198463060e-03,7.653616933311970481e-03,7.765366713342743490e-03,7.871444141638379854e-03,7.972928031829357512e-03,8.070577034484617204e-03,8.164817476265058202e-03,8.255737595627010358e-03,8.343087990508719215e-03,8.426288122443288675e-03,8.504438770820578822e-03,8.576340382346735874e-03,8.640517295160798916e-03,8.695247817243095811e-03,8.738600091337958911e-03,8.768473576170806097e-03,8.782645815990466551e-03,8.778823964677573768e-03,8.754700291060240822e-03,8.708010638408163542e-03,8.636594566442556964e-03,8.538455692537730637e-03,8.411820592261346277e-03,8.255194536025816168e-03,8.067412340430325790e-03,7.847682704712753352e-03,7.595624581863249895e-03,7.311294390387588008e-03,6.995203190251689587e-03,6.648323304402250188e-03,6.272084242101860080e-03,5.868358148508005107e-03,5.439435344778569686e-03,4.987990816739600736e-03,4.517042745409425783e-03,4.029904343142666143e-03,3.530130364562706225e-03,3.021459706687832595e-03,2.507755506355857818e-03,1.992944095852275301e-03,1.480954100486454915e-03,9.756568646056351180e-04,4.808092831163660822e-04,0.000000000000000000e+00
0.000000000000000000e+00,6.139832855906701648e-04,1.202596972255626272e-03,1.763808092334334145e-03,2.295906079923362968e-03,2.797544032405945014e-03,3.267768383280228190e-03,3.706036520115745404e-03,4.112222264639309177e-03,4.486609506096100701e-03,4.829874631774962700e-03,5.143058718272138646e-03,5.427530722702507936e-03,5.684943134846462583e-03,5.917181711172106971e-03,6.126311004345029280e-03,6.314517424944074246e-03,6.484051526999661148e-03,6.637171100891983873e-03,6.776086495092618553e-03,6.902909384521308499e-03,7.019605972764507776e-03,7.127955374372637112e-03,7.229513688444747302e-03,7.325584061129912332e-03,7.417192855486547456e-03,7.505071911654604550e-03,7.589646793185794195e-03,7.671030876053609553e-03,7.749025139308532255e-03,7.823123549521623921e-03,7.892523980050476784e-03,7.956144653366697614e-03,8.012646122473199989e-03,8.060458800000388363e-03,8.097815989161788464e-03,8.122792263448372699e-03,8.133346882706391986e-03,8.127371730137038924e-03,8.102743022253409977e-03,8.057375801323825304e-03,7.989279989518585298e-03,7.896616588421273911e-03,7.777752467237617276e-03,7.631312114136985791e-03,7.456224737970863249e-03,7.251765205484481287e-03,7.017587478250071099e-03,6.753749463355005270e-03,6.460728496203462651e-03,6.139427012453977338e-03,5.791168316906539389e-03,5.417682697978009644e-03,5.021084447377811323e-03,4.603840609829525955e-03,4.168732496550201644e-03,3.718811143890371224e-03,3.257347985855880718e-03,2.787782041670031075e-03,2.313664905832366579e-03,1.838604778604843552e-03,1.366210699798002829e-03,9.000380571575989979e-04,4.435363395788403788e-04,0.000000000000000000e+00
0.000000000000000000e+00,5.517643418895403851e-04,1.080723195770327914e-03,1.585043060964477129e-03,2.063180104763318208e-03,2.513917009022504593e-03,2.936389443450294033e-03,3.330101751073223822e-03,3.694931776711458428e-03,4.031125106288176163e-03,4.339279301878047439e-03,4.620319003873970057e-03,4.875463017515071877e-03,5.106184697453226840e-03,5.314167083992954801e-03,5.501254323465503207e-03,5.669400921189777023e-03,5.820620330288475697e-03,5.956934278445721875e-03,6.080324086073571679e-03,6.192685044779279967e-03,6.295784718136107454e-03,6.391225812369834107e-03,6.480414057513842960e-03,6.564531353499327218e-03,6.644514281798294571e-03,6.721037969449476443e-03,6.794505222110214931e-03,6.865040814933887937e-03,6.932490838443244874e-03,6.996427030599801714e-03,7.056156071980018360e-03,7.110733862468950582e-03,7.158984819254003359e-03,7.199526223239016177e-03,7.230797584323558035e-03,7.251094890770222803e-03,7.258609455898627945e-03,7.251470884797474314e-03,7.227793468519060072e-03,7.185725091436678119e-03,7.123497529484071507e-03,7.039476843252941672e-03,6.932212448589595254e-03,6.800483392461562776e-03,6.643340381950190408e-03,6.460142211382620056e-03,6.250585402455976006e-03,6.014726104339796105e-03,5.752993579865261359e-03,5.466194911331519538e-03,5.155510874937620051e-03,4.822483236544975252e-03,4.468993995825396200e-03,4.097237337133178246e-03,3.709685224840161138e-03,3.309047704889244487e-03,2.898229044475313185e-03,2.480280863672780067e-03,2.058353394845468566e-03,1.635645957330330918e-03,1.215357665456135317e-03,8.006393053705719446e-04,3.945472263838719100e-04,0.000000000000000000e+00
0.000000000000000000e+00,4.660633730614094686e-04,9.128588245180087801e-04,1.338833168825080862e-03,1.742677871819876692e-03,2.123360021789533637e-03,2.480144565088114421e-03,2.812607459237981798e-03,3.120639688732577618e-03,3.404442373914691455e-03,3.664513471177571237e-03,3.901626804145452102e-03,4.116804371906038033e-03,4.311283044340923250e-03,4.486476870264538910e-03,4.643936287676176701e-03,4.785305535758880083e-03,4.912279527019443141e-03,5.026561349851426178e-03,5.129821444359926146e-03,5.223659337478872393e-03,5.309568648954666667e-03,5.388905900267286324e-03,5.462863486515068777e-03,5.532447018075830128e-03,5.598457113723256766e-03,5.661475636062346904e-03,5.721856306196419772e-03,5.779719615906326810e-03,5.834951966657841993e-03,5.887208996124922676e-03,5.935923092510297233e-03,5.980315131184986421e-03,6.019410483637559033e-03,6.052059333895574642e-03,6.076961284423714263e-03,6.092694138722423366e-03,6.097746613576063464e-03,6.090554567690393585e-03,6.069540147619973541e-03,6.033153062174095166e-03,5.979913020389933560e-03,5.908452222960289789e-03,5.817556697907382696e-03,5.706205229820869584e-03,5.573604654787916828e-03,5.419220381414182990e-03,5.242801147718195373e-03,5.044397224797759344e-03,4.824371517583138716e-03,4.583403274562554766e-03,4.322484384822159083e-03,4.042908495354864337e-03,3.746253409748871721e-03,3.434357419865368462e-03,3.109290368014140226e-03,2.773320336033740889e-03,2.428876911401230913e-03,2.078511994235669822e-03,1.724859090192613388e-03,1.370591990987137399e-03,1.018383684466682426e-03,6.708662663445716118e-04,3.305925507218426904e-04,0.000000000000000000e+00
0.000000000000000000e+00,3.508795682151472561e-04,6.872505646529023784e-04,1.007941188677315570e-03,1.311963820873236113e-03,1.598538258496675930e-03,1.867108388417472800e-03,2.117352038132476206e-03,2.349183965596481592e-03,2.562752163577017121e-03,2.758427855927604762e-03,2.936789744601772147e-03,3.098603220933692903e-03,3.244795377085207648e-03,3.376426739236571342e-03,3.494660690343265319e-03,3.600731556330300214e-03,3.695912296888591384e-03,3.781482674285916237e-03,3.858698676654741169e-03,3.928763853716662514e-03,3.992803091769728599e-03,4.051839220533700464e-03,4.106772716513119523e-03,4.158364654376283526e-03,4.207222966272261035e-03,4.253792003512103966e-03,4.298345357296868598e-03,4.340981883759849856e-03,4.381624888992517383e-03,4.420024454696361987e-03,4.455762915365223988e-03,4.488263523157198266e-03,4.516802346783448628e-03,4.540523437271305404e-03,4.558457250525866679e-03,4.569542242034270452e-03,4.572649444772640404e-03,4.566609713423053392e-03,4.550243175961054577e-03,4.522390289635296046e-03,4.481943765633270710e-03,4.427880518348996895e-03,4.359292722493754782e-03,4.275417032789404111e-03,4.175661041385079174e-03,4.059626117993975908e-03,3.927125893433166051e-03,3.778199801376597340e-03,3.613121275314051892e-03,3.432400395603838264e-03,3.236780982025096523e-03,3.027232317805924298e-03,2.804935860853382222e-03,2.571267438627049956e-03,2.327775529832304142e-03,2.076156307361564160e-03,1.818226154345555694e-03,1.555892372953287736e-03,1.291122789419613896e-03,1.025914924949009044e-03,7.622653565368142127e-04,5.021398392254740242e-04,2.474447053713096857e-04,0.000000000000000000e+00
0.000000000000000000e+00,1.986754802544966978e-04,3.891350097055960074e-04,5.707142339141826719e-04,7.428530847898868333e-04,9.051089098675000905e-04,1.057165890089259777e-03,1.198840600255034975e-03,1.330083690598182289e-03,1.450977789754152045e-03,1.561731843594444747e-03,1.662672207015300323e-03,1.754230893125047295e-03,1.836931453193678745e-03,1.911373008758190635e-03,1.978212982901910496e-03,2.038149080560160056e-03,2.091901048619987553e-03,2.140192707739633354e-03,2.183734692582172711e-03,2.223208269915114086e-03,2.259250529858639576e-03,2.292441169881800564e-03,2.323291019259444198e-03,2.352232388382277401e-03,2.379611276363827882e-03,2.405681434285061697e-03,2.430600261023921869e-03,2.454426503037065999e-03,2.477119736053531342e-03,2.498541621226793054e-03,2.518458945563770840e-03,2.536548470551654080e-03,2.552403618138354702e-03,2.565543014792919484e-03,2.575420889056784929e-03,2.581439274661748249e-03,2.582961911152156266e-03,2.579329660542840474e-03,2.569877177397425667e-03,2.553950487756721007e-03,2.530925057163179413e-03,2.500223867003256283e-03,2.461334977919715609e-03,2.413828043855529258e-03,2.357369252959221062e-03,2.291734212305088572e-03,2.216818359988389532e-03,2.132644576349071713e-03,2.039367769885306811e-03,1.937276325787365330e-03,1.826790418513741035e-03,1.708457297336402276e-03,1.582943749190520669e-03,1.451026021901215225e-03,1.313577550222518389e-03,1.171554866366925031e-03,1.025982096871148408e-03,8.779344511742870859e-04,7.285210974755392367e-04,5.788678018643484118e-04,4.300996807099079591e-04,2.833243865824478023e-04,1.396160164895108061e-04,0.000000000000000000e+00
0.000000000000000000e+00,0.000000000000000000e+00,0.000000000000000000e+00,0.000000000000000000e+00,0.000000000000000000e+00,0.000000000000000000e+00,0.000000000000000000e+00,0.000000000000000000e+00,0.000000000000000000e+00,0.000000000000000000e+00,0.000000000000000000e+00,0.000000000000000000e+00,0.000000000000000000e+00,0.000000000000000000e+00,0.000000000000000000e+00,0.000000000000000000e+00,0.000000000000000000e+00,0.000000000000000000e+00,0.000000000000000000e+00,0.000000000000000000e+00,0.000000000000000000e+00,0.000000000000000000e+00,0.000000000000000000e+00,0.000000000000000000e+00,0.000000000000000000e+00,0.000000000000000000e+00,0.000000000000000000e+00,0.000000000000000000e+00,0.000000000000000000e+00,0.000000000000000000e+00,0.000000000000000000e+00,0.000000000000000000e+00,0.000000000000000000e+00,0.000000000000000000e+00,0.000000000000000000e+00,0.000000000000000000e+00,0.000000000000000000e+00,0.000000000000000000e+00,0.000000000000000000e+00,0.000000000000000000e+00,0.000000000000000000e+00,0.000000000000000000e+00,0.000000000000000000e+00,0.000000000000000000e+00,0.000000000000000000e+00,0.000000000000000000e+00,0.000000000000000000e+00,0.000000000000000000e+00,0.000000000000000000e+00,0.000000000000000000e+00,0.000000000000000000e+00,0.000000000000000000e+00,0.000000000000000000e+00,0.000000000000000000e+00,0.000000000000000000e+00,0.000000000000000000e+00,0.000000000000000000e+00,0.000000000000000000e+00,0.000000000000000000e+00,0.000000000000000000e+00,0.000000000000000000e+00,0.000000000000000000e+00,0.000000000000000000e+00,0.000000000000000000e+00,0.000000000000000000e+00
