0.000000000000000000e+00,0.000000000000000000e+00,0.000000000000000000e+00,0.000000000000000000e+00,0.000000000000000000e+00,0.000000000000000000e+00,0.000000000000000000e+00,0.000000000000000000e+00,0.000000000000000000e+00,0.000000000000000000e+00,0.000000000000000000e+00,0.000000000000000000e+00,0.000000000000000000e+00,0.000000000000000000e+00,0.000000000000000000e+00,0.000000000000000000e+00,0.000000000000000000e+00,0.000000000000000000e+00,0.000000000000000000e+00,0.000000000000000000e+00,0.000000000000000000e+00,0.000000000000000000e+00,0.000000000000000000e+00,0.000000000000000000e+00,0.000000000000000000e+00,0.000000000000000000e+00,0.000000000000000000e+00,0.000000000000000000e+00,0.000000000000000000e+00,0.000000000000000000e+00,0.000000000000000000e+00,0.000000000000000000e+00,0.000000000000000000e+00,0.000000000000000000e+00,0.000000000000000000e+00,0.000000000000000000e+00,0.000000000000000000e+00,0.000000000000000000e+00,0.000000000000000000e+00,0.000000000000000000e+00,0.000000000000000000e+00,0.000000000000000000e+00,0.000000000000000000e+00,0.000000000000000000e+00,0.000000000000000000e+00,0.000000000000000000e+00,0.000000000000000000e+00,0.000000000000000000e+00,0.000000000000000000e+00,0.000000000000000000e+00,0.000000000000000000e+00,0.000000000000000000e+00,0.000000000000000000e+00,0.000000000000000000e+00,0.000000000000000000e+00,0.000000000000000000e+00,0.000000000000000000e+00,0.000000000000000000e+00,0.000000000000000000e+00,0.000000000000000000e+00,0.000000000000000000e+00,0.000000000000000000e+00,0.000000000000000000e+00,0.000000000000000000e+00,0.000000000000000000e+00
0.000000000000000000e+00,1.427915519702949455e-06,2.941000290611189200e-06,4.541846218108029756e-06,6.233007297679412726e-06,8.016966786407216247e-06,9.896100400585992397e-06,1.187263554178664004e-05,1.394860659696392048e-05,1.612580640443376704e-05,1.840573402628747980e-05,2.078953901873138632e-05,2.327796244456191094e-05,2.587127492608378749e-05,2.856921209178444983e-05,3.137090782547901545e-05,3.427482578189088329e-05,3.727868968714310088e-05,4.037941299579062292e-05,4.357302852717566199e-05,4.685461875236971688e-05,5.021824744809198429e-05,5.365689347506829340e-05,5.716238747461895850e-05,6.072535230814545833e-05,6.433514808893889790e-05,6.797982267369822836e-05,7.164606849169239116e-05,7.531918659203079569e-05,7.898305878347943961e-05,8.262012872618271317e-05,8.621139281010768848e-05,8.973640162066479444e-05,9.317327274752210163e-05,9.649871563794801342e-05,9.968806913102215344e-05,1.027153522337895752e-04,1.055533286150559132e-04,1.081735851973044017e-04,1.105466251225701446e-04,1.126419752545514542e-04,1.144283082574473959e-04,1.158735791627638425e-04,1.169451761995599331e-04,1.176100855223567954e-04,1.178350693253694595e-04,1.175868566831545864e-04,1.168323463075673213e-04,1.155388202606158634e-04,1.136741675139460293e-04,1.112071160999791527e-04,1.081074724588473678e-04,1.043463664510261874e-04,9.989650037970924565e-05,9.473240025134075173e-05,8.883066739906656894e-05,8.217022850397502675e-05,7.473258197452574240e-05,6.650203858717199925e-05,5.746595425233047382e-05,4.761495275098096892e-05,3.694313628947793517e-05,2.544828174473829233e-05,1.313202051966948744e-05,0.000000000000000000e+00
0.000000000000000000e+00,2.713251651455223862e-06,5.588336565995714234e-06,8.630178673921847987e-06,1.184362976991735392e-05,1.523340713984302678e-05,1.880402363830000156e-05,2.255971022126370581e-05,2.650433102045824562e-05,3.064129113396804171e-05,3.497343740018283095e-05,3.950295251891233934e-05,4.423124298366726194e-05,4.915882139187538013e-05,5.428518380429905095e-05,5.960868293016907666e-05,6.512639801950996900e-05,7.083400244768561544e-05,7.672563007817264171e-05,8.279374158674027682e-05,8.902899202231386565e-05,9.542010096552071155e-05,1.019537267239447524e-04,1.086143460721118183e-04,1.153841411028925455e-04,1.222428948040224083e-04,1.291678970075629460e-04,1.361338623801531611e-04,1.431128621267008206e-04,1.500742710687056356e-04,1.569847317297577455e-04,1.638081370141200078e-04,1.705056329990220628e-04,1.770356432768661838e-04,1.833539161796643110e-04,1.894135960945464556e-04,1.951653199362015203e-04,2.005573396799129656e-04,2.055356716779730233e-04,2.100442732834583055e-04,2.140252470896371198e-04,2.174190728619076964e-04,2.201648669936468665e-04,2.222006690594275778e-04,2.234637547707354118e-04,2.238909743628012710e-04,2.234191151589384934e-04,2.219852867734433267e-04,2.195273271285942197e-04,2.159842271785086007e-04,2.112965719558159924e-04,2.054069952894876179e-04,1.982606452871375964e-04,1.898056574360310197e-04,1.799936319573677119e-04,1.687801118515020393e-04,1.561250579009845307e-04,1.419933167568352057e-04,1.263550781244112428e-04,1.091863169914197883e-04,9.046921680475793421e-05,7.019256950721033343e-05,4.835214839171621953e-05,2.495104982150721587e-05,0.000000000000000000e+00
0.000000000000000000e+00,3.865512912095528294e-06,7.961583998242147142e-06,1.229522573545681281e-05,1.687334759093814143e-05,2.170266717436226530e-05,2.678961063873630283e-05,3.214020233596230977e-05,3.775994385065647465e-05,4.365368266085844199e-05,4.982547080615159715e-05,5.627841408149648021e-05,6.301451241773125623e-05,7.003449225606158345e-05,7.733763187268760447e-05,8.492158075960706722e-05,9.278217431711328206e-05,1.009132452609817315e-04,1.093064332911418304e-04,1.179509947070121734e-04,1.268336137858308327e-04,1.359382178623816438e-04,1.452457981596276201e-04,1.547342385180114799e-04,1.643781542547124281e-04,1.741487434510855523e-04,1.840136530150924545e-04,1.939368618940313189e-04,2.038785838196960939e-04,2.137951919517548064e-04,2.236391677443256502e-04,2.333590762942980409e-04,2.428995703369595243e-04,2.522014249342454176e-04,2.612016047529721685e-04,2.698333656545594500e-04,2.780263921141184753e-04,2.857069717557886215e-04,2.927982080336076856e-04,2.992202718040882950e-04,3.048906922294743606e-04,3.097246871211591698e-04,3.136355324831032257e-04,3.165349706477957434e-04,3.183336560151773099e-04,3.189416370111820788e-04,3.182688724806288913e-04,3.162257803228791229e-04,3.127238157720656155e-04,3.076760763210116306e-04,3.009979298937706595e-04,2.926076624906127281e-04,2.824271411661027041e-04,2.703824878604426914e-04,2.564047592914229286e-04,2.404306278338919718e-04,2.224030580704515557e-04,2.022719734955798177e-04,1.799949077000694030e-04,1.555376342575204177e-04,1.288747694835069282e-04,9.999034224418978532e-05,6.887832505757092113e-05,3.554312085954537551e-05,0.000000000000000000e+00
0.000000000000000000e+00,4.893696405444469344e-06,1.007927285475986499e-05,1.556560258113003103e-05,2.136142798569405914e-05,2.747524818228174988e-05,3.391519293753837185e-05,4.068888301435633043e-05,4.780327707514053055e-05,5.526450545973447711e-05,6.307769131973235525e-05,7.124675976525860247e-05,7.977423586081105122e-05,8.866103249198163639e-05,9.790622931318743768e-05,1.075068441762139687e-04,1.174575986285136321e-04,1.277506792568043289e-04,1.383754968334645222e-04,1.493184453983095522e-04,1.605626635742707256e-04,1.720878005699410628e-04,1.838697894625158924e-04,1.958806304789587559e-04,2.080881870988772616e-04,2.204559978872704714e-04,2.329431070267476216e-04,2.455039165548501346e-04,2.580880633207051919e-04,2.706403236545402860e-04,2.831005486919135699e-04,2.954036332104292579e-04,3.074795207190285937e-04,3.192532473877792354e-04,3.306450272188460630e-04,3.415703806368131090e-04,3.519403084188522739e-04,3.616615125929526680e-04,3.706366656064877122e-04,3.787647287091690370e-04,3.859413201057515811e-04,3.920591330169562226e-04,3.970084033446980997e-04,4.006774261729720743e-04,4.029531198522997995e-04,4.037216359174125926e-04,4.028690125793363708e-04,4.002818690189657272e-04,3.958481371947443028e-04,3.894578273675957758e-04,3.810038230474998211e-04,3.703827005839176395e-04,3.574955681627604289e-04,3.422489185417983614e-04,3.245554894605880256e-04,3.043351253061651082e-04,2.815156333079842652e-04,2.560336272806243820e-04,2.278353517361892365e-04,1.968774790552595784e-04,1.631278723404859781e-04,1.265663065846361446e-04,8.718514086885652335e-05,4.498993446998396996e-05,0.000000000000000000e+00
0.000000000000000000e+00,5.806301298365669254e-06,1.195890799868241672e-05,1.846834127158781901e-05,2.534496641682458716e-05,3.259885947448737078e-05,4.023965770454684298e-05,4.827639394427745751e-05,5.671731502948849078e-05,6.556968465318360219e-05,7.483957123319517858e-05,8.453162156709788876e-05,9.464882126676328752e-05,1.051922431845473473e-04,1.161607852664036728e-04,1.275508994921135345e-04,1.393563137870879867e-04,1.515677490114483445e-04,1.641726333478183634e-04,1.771548166168492879e-04,1.904942872462270036e-04,2.041668948020031735e-04,2.181440811577307405e-04,2.323926235242284449e-04,2.468743926880314602e-04,2.615461299069472660e-04,2.763592459839323890e-04,2.912596460831809713e-04,3.061875838624677332e-04,3.210775484711908979e-04,3.358581879022487417e-04,3.504522720861465938e-04,3.647766989761572600e-04,3.787425466929006390e-04,3.922551745746826087e-04,4.052143757160705465e-04,4.175145832716591217e-04,4.290451324554133057e-04,4.396905797795264310e-04,4.493310806519964454e-04,4.578428259912841304e-04,4.650985380221381782e-04,4.709680248921873182e-04,4.753187931979151377e-04,4.780167169354566383e-04,4.789267608009821790e-04,4.779137551625439913e-04,4.748432194157957203e-04,4.695822298260491604e-04,4.620003273551172513e-04,4.519704603800755852e-04,4.393699566394077189e-04,4.240815181971834946e-04,4.059942327051767590e-04,3.850045937734973187e-04,3.610175228396177811e-04,3.339473845607258940e-04,3.037189874519933500e-04,2.702685612602099066e-04,2.335447024043579563e-04,1.935092787378286017e-04,1.501382848960068693e-04,1.034226395923584324e-04,5.336891641934981049e-05,0.000000000000000000e+00
0.000000000000000000e+00,6.611341869093071838e-06,1.361699574687843484e-05,2.102893218367116171e-05,2.885894336364592849e-05,3.711849127400414954e-05,4.581853751947751016e-05,5.496935479347132375e-05,6.458032021777281148e-05,7.465969097637582569e-05,8.521436289419177551e-05,9.624961284668890314e-05,1.077688261300706048e-04,1.197732101715083368e-04,1.322614962130177238e-04,1.452296308584506311e-04,1.586704596282310074e-04,1.725734049181797450e-04,1.869241410042010330e-04,2.017042689707568054e-04,2.168909946648532681e-04,2.324568129855319749e-04,2.483692020084067673e-04,2.645903306123710162e-04,2.810767834180295083e-04,2.977793069615263162e-04,3.146425811102051629e-04,3.316050197750272177e-04,3.485986049861476439e-04,3.655487583700101724e-04,3.823742539965028077e-04,3.989871764511787079e-04,4.152929278287040521e-04,4.311902871383410142e-04,4.465715253596256934e-04,4.613225790861832064e-04,4.753232853479890958e-04,4.884476798081013394e-04,5.005643600902098204e-04,5.115369155101432167e-04,5.212244239601977139e-04,5.294820161328402455e-04,5.361615066736796342e-04,5.411120912267792290e-04,5.441811076833697348e-04,5.452148592730368670e-04,5.440594964506553820e-04,5.405619538390020896e-04,5.345709377931190387e-04,5.259379594653799516e-04,5.145184075775326464e-04,5.001726544556507051e-04,4.827671882641396779e-04,4.621757637938841501e-04,4.382805636256896162e-04,4.109733610115170912e-04,3.801566754007863888e-04,3.457449111949910847e-04,3.076654700485349152e-04,2.658598268539844956e-04,2.202845594623318833e-04,1.709123221989736977e-04,1.177327533490121639e-04,6.075330700507994020e-05,0.000000000000000000e+00
0.000000000000000000e+00,7.316363453889146832e-06,1.506907669754132428e-05,2.327137466343444041e-05,3.193629375313217781e-05,4.107650388305865479e-05,5.070412023603995005e-05,6.083049473157710834e-05,7.146598744970091249e-05,8.261971847949862297e-05,9.429930091245363204e-05,1.065105559609010364e-04,1.192572114512274045e-04,1.325405852177702413e-04,1.463592552042918210e-04,1.607087183628242431e-04,1.755810407217795843e-04,1.909645012735096902e-04,2.068432326028251961e-04,2.231968614390457699e-04,2.400001525615401486e-04,2.572226597189307819e-04,2.748283874316393067e-04,2.927754677326637454e-04,3.110158560588747101e-04,3.294950506312076840e-04,3.481518397535446905e-04,3.669180815136090538e-04,3.857185203817970701e-04,4.044706451727844276e-04,4.230845927574764073e-04,4.414631017872683500e-04,4.595015205169085642e-04,4.770878725851487845e-04,4.941029843330119707e-04,5.104206769075418822e-04,5.259080260145497336e-04,5.404256917479517567e-04,5.538283204371892855e-04,5.659650199200411819e-04,5.766799090685278918e-04,5.858127417739964014e-04,5.931996049378712634e-04,5.986736893216595187e-04,6.020661313890024935e-04,6.032069235297674286e-04,6.019258892980416812e-04,5.980537195294624618e-04,5.914230644363189029e-04,5.818696760192701260e-04,5.692335943909455779e-04,5.533603708877572747e-04,5.341023201610930072e-04,5.113197927967064182e-04,4.848824594208347733e-04,4.546705967223737253e-04,4.205763653613513956e-04,3.825050693535145740e-04,3.403763862273920639e-04,2.941255570513831097e-04,2.437045253313783837e-04,1.890830137904067425e-04,1.302495281663651418e-04,6.721227740639045402e-05,0.000000000000000000e+00
0.000000000000000000e+00,7.928460675740910894e-06,1.632976325821031599e-05,2.521823493875483311e-05,3.460798635478749493e-05,4.451272966776025785e-05,5.494557467096617851e-05,6.591880294179305259e-05,7.744362029333008430e-05,8.952988803602534662e-05,1.021858338297533297e-04,1.154177431883297210e-04,1.292296329901046871e-04,1.436229086474225100e-04,1.585960068918628374e-04,1.741440264384493759e-04,1.902583490973890241e-04,2.069262542031402715e-04,2.241305295242966816e-04,2.418490821003324001e-04,2.600545527190029592e-04,2.787139379973442794e-04,2.977882242559199344e-04,3.172320375763824636e-04,3.369933146027038096e-04,3.570129987828207481e-04,3.772247668463027718e-04,3.975547903714813118e-04,4.179215373090261823e-04,4.382356182951886291e-04,4.583996825041982445e-04,4.783083676532412271e-04,4.978483085831987695e-04,5.168982085924173292e-04,5.353289773983198937e-04,5.530039392422808923e-04,5.697791142371176707e-04,5.855035755846405184e-04,6.000198847645552697e-04,6.131646062177638400e-04,6.247689024197663468e-04,6.346592095670362333e-04,6.426579933853298699e-04,6.485845838189359131e-04,6.522560865797354980e-04,6.534883687310117902e-04,6.520971146604024032e-04,6.478989479668943773e-04,6.407126139566080882e-04,6.303602166200427065e-04,6.166685031586167801e-04,5.994701883502408452e-04,5.786053103020549326e-04,5.539226084431893727e-04,5.252809139714595356e-04,4.925505423950606336e-04,4.556146773133303322e-04,4.143707341687483158e-04,3.687316923845845255e-04,3.186273840872045704e-04,2.640057275067945433e-04,2.048338931618882215e-04,1.410993910676228906e-04,7.281106746979822640e-05,0.000000000000000000e+00
0.000000000000000000e+00,8.454297396109536578e-06,1.741278072308653375e-05,2.689070951425408647e-05,3.690311070120977079e-05,4.746458472575572102e-05,5.858908825064753706e-05,7.028969348544221191e-05,8.257832439973365952e-05,9.546547036857966557e-05,1.089598780821982591e-04,1.230682228520783112e-04,1.377947607562622417e-04,1.531409633852211672e-04,1.691051372736788485e-04,1.856820304299530201e-04,2.028624286996215343e-04,2.206327450211395460e-04,2.389746049437927919e-04,2.578644320792684245e-04,2.772730374432254134e-04,2.971652169085290665e-04,3.174993612331767842e-04,3.382270833392988130e-04,3.592928677008692061e-04,3.806337468429089269e-04,4.021790100601291751e-04,4.238499495244402626e-04,4.455596489650338323e-04,4.672128200686829352e-04,4.887056916585905131e-04,5.099259565651123247e-04,5.307527808989485896e-04,5.510568801754279480e-04,5.707006664162961101e-04,5.895384699726224703e-04,6.074168393692731425e-04,6.241749219688084993e-04,6.396449276922954634e-04,6.536526774187295186e-04,6.660182370166780859e-04,6.765566372452646183e-04,6.850786790013655390e-04,6.913918225913162109e-04,6.953011588746836483e-04,6.966104592716015030e-04,6.951233007514361984e-04,6.906442610372653945e-04,6.829801783766996110e-04,6.719414693541756519e-04,6.573434973628516529e-04,6.390079835256393245e-04,6.167644510652032066e-04,5.904516933823253811e-04,5.599192554215974777e-04,5.250289172932867676e-04,4.856561685908658771e-04,4.416916614049221741e-04,3.930426296955856816e-04,3.396342624560121722e-04,2.814110179871051522e-04,2.183378666157290550e-04,1.504014493315905835e-04,7.761114009674654037e-05,0.000000000000000000e+00
0.000000000000000000e+00,8.900127887002778871e-06,1.833101086434650587e-05,2.830869245008544449e-05,3.884896934144791428e-05,4.996718741753071138e-05,6.167801313701929224e-05,7.399518034887605014e-05,8.693121280320272417e-05,1.004971229360831716e-04,1.147020878043234643e-04,1.295531033615539328e-04,1.450546185937844155e-04,1.612081513675770069e-04,1.780118881846057515e-04,1.954602703793515599e-04,2.135435696386219829e-04,2.322474560588596096e-04,2.515525622859869702e-04,2.714340475988252484e-04,2.918611660968006773e-04,3.127968434314592821e-04,3.341972667749714700e-04,3.560114929429990184e-04,3.781810797797269361e-04,4.006397460653256183e-04,4.233130653165378000e-04,4.461181989155545602e-04,4.689636740172367473e-04,4.917492116466606845e-04,5.143656103049441949e-04,5.366946902487252508e-04,5.586093033954209327e-04,5.799734135308674387e-04,6.006422511571282707e-04,6.204625469157391609e-04,6.392728470557142812e-04,6.569039138872585348e-04,6.731792135729980321e-04,6.879154929611987603e-04,7.009234464631403268e-04,7.120084732236382037e-04,7.209715240345732686e-04,7.276100366018531211e-04,7.317189569030343663e-04,7.330918434729970191e-04,7.315220505366925273e-04,7.268039849795392702e-04,7.187344312169316896e-04,7.071139371041628135e-04,6.917482531272507729e-04,6.724498162441910377e-04,6.490392689160306289e-04,6.213470030888148610e-04,5.892147181721502352e-04,5.524969814186824098e-04,5.110627785522212346e-04,4.647970420308284454e-04,4.136021439750728595e-04,3.573993405500209067e-04,2.961301544711302490e-04,2.297576823165256837e-04,1.582678134779848375e-04,8.167034787555780997e-05,0.000000000000000000e+00
0.000000000000000000e+00,9.271818775362095495e-06,1.909653711484174385e-05,2.949084510010340949e-05,4.047117347288524603e-05,5.205348124877689050e-05,6.425301773270161514e-05,7.708405895570878674e-05,9.055961883291020634e-05,1.046911356406406103e-04,1.194881347252945379e-04,1.349578686846315812e-04,1.511049366021930416e-04,1.679308842640938053e-04,1.854337876418155778e-04,2.036078222814357761e-04,2.224428215954405482e-04,2.419238274041051449e-04,2.620306364154088808e-04,2.827373466614189991e-04,3.040119082207391483e-04,3.258156828465520586e-04,3.481030173835497838e-04,3.708208360901212399e-04,3.939082571801316799e-04,4.172962390570630962e-04,4.409072618280071771e-04,4.646550497518937557e-04,4.884443402916717816e-04,5.121707054003774842e-04,5.357204305730656462e-04,5.589704570377119260e-04,5.817883922362316338e-04,6.040325934600358944e-04,6.255523291520014755e-04,6.461880219679506931e-04,6.657715772060035942e-04,6.841267996624999159e-04,7.010699013603782824e-04,7.164101019225562307e-04,7.299503226323533853e-04,7.414879744396513485e-04,7.508158393403061882e-04,7.577230436832888341e-04,7.619961210518681012e-04,7.634201614293136071e-04,7.617800424044573202e-04,7.568617372068877150e-04,7.484536933952391736e-04,7.363482750650672450e-04,7.203432605059262089e-04,7.002433863314066684e-04,6.758619282425030843e-04,6.470223077751094615e-04,6.135597136383825036e-04,5.753227255834756455e-04,5.321749281630984126e-04,4.839965012622604243e-04,4.306857739099093974e-04,3.721607276295621947e-04,3.083604354635057312e-04,2.392464228175630045e-04,1.648039364287948454e-04,8.504310806235050948e-05,0.000000000000000000e+00
0.000000000000000000e+00,9.574871364545586944e-06,1.972069052827854030e-05,3.045466705275455844e-05,4.179374022758206123e-05,5.375435988715489494e-05,6.635224083041640463e-05,7.960209086492000023e-05,9.351731278552482250e-05,1.081096809057007781e-04,1.233889930836711967e-04,1.393626995242630302e-04,1.560355099878322984e-04,1.734089813971543561e-04,1.914810881985908107e-04,2.102457782017714324e-04,2.296925169888020110e-04,2.498058243457314579e-04,2.705648065215819891e-04,2.919426884593759384e-04,3.139063504648492795e-04,3.364158740773882245e-04,3.594241021795444545e-04,3.828762186216771697e-04,4.067093528422123690e-04,4.308522151272073494e-04,4.552247682710060077e-04,4.797379414685660213e-04,5.042933922856564916e-04,5.287833225119271128e-04,5.530903536006785822e-04,5.770874672351857622e-04,6.006380163324355308e-04,6.235958114993751930e-04,6.458052875931727475e-04,6.671017546051195152e-04,6.873117365879875644e-04,7.062534017798736963e-04,7.237370864457719948e-04,7.395659142638793095e-04,7.535365123305610762e-04,7.654398240503284363e-04,7.750620183203396846e-04,7.821854935189688756e-04,7.865899738718034858e-04,7.880536948037495130e-04,7.863546729013718437e-04,7.812720551142455887e-04,7.725875408280395056e-04,7.600868694555547398e-04,7.435613652262076803e-04,7.228095299206077585e-04,6.976386734068387458e-04,6.678665710004414065e-04,6.333231359029748353e-04,5.938520942860645978e-04,5.493126499907555974e-04,4.995811253168209662e-04,4.445525639943189345e-04,3.841422821699412983e-04,3.182873531129939743e-04,2.469480113581692146e-04,1.701089621619521403e-04,8.778058246216704293e-05,0.000000000000000000e+00
0.000000000000000000e+00,9.814443988209749402e-06,2.021409580700869550e-05,3.121656717864048014e-05,4.283919010932756645e-05,5.509879237999211238e-05,6.801144602104175181e-05,8.159218879413333587e-05,9.585471899978858829e-05,1.108110642446784994e-04,1.264712251343286763e-04,1.428427952036452945e-04,1.599305587564232866e-04,1.777360686529779767e-04,1.962572064590358228e-04,2.154877277455571406e-04,2.354167957044945463e-04,2.560285066156290008e-04,2.773014110603717560e-04,2.992080351253923669e-04,3.217144061675818439e-04,3.447795880175577414e-04,3.683552307769430260e-04,3.923851406102722098e-04,4.168048751409156837e-04,4.415413702272136254e-04,4.665126040156775166e-04,4.916273042383039436e-04,5.167847047368294986e-04,5.418743571543992860e-04,5.667760036313942941e-04,5.913595161741953604e-04,6.154849081311678308e-04,6.390024229073549200e-04,6.617527046771884977e-04,6.835670554125233616e-04,7.042677820317519216e-04,7.236686368957999990e-04,7.415753542302783163e-04,7.577862843427304439e-04,7.720931267333842668e-04,7.842817623715555957e-04,7.941331845332173008e-04,8.014245266744963493e-04,8.059301848580999140e-04,8.074230312627539256e-04,8.056757142984820709e-04,8.004620398323078565e-04,7.915584270099145555e-04,7.787454311496184610e-04,7.618093251969451207e-04,7.405437302727649763e-04,7.147512849372773466e-04,6.842453419382213279e-04,6.488516804267486756e-04,6.084102209203880868e-04,5.627767296814529217e-04,5.118244986723908402e-04,4.554459868580583936e-04,3.935544083587904198e-04,3.260852528270320348e-04,2.529977234324171922e-04,1.742760780029853471e-04,8.993085918951556940e-05,0.000000000000000000e+00
0.000000000000000000e+00,9.995374099878592768e-06,2.058671678637570939e-05,3.179193384125454262e-05,4.362864328690974628e-05,5.611394690844943335e-05,6.926417430648086290e-05,8.309459950513988153e-05,9.761913044094777192e-05,1.128499719784075941e-04,1.287972634358429305e-04,1.454686919575163748e-04,1.628690834328977454e-04,1.809999730381331331e-04,1.998591578550458871e-04,2.194402344058324448e-04,2.397321243232042526e-04,2.607185917520016272e-04,2.823777564450122030e-04,3.046816068683934342e-04,3.275955179661184792e-04,3.510777785435256412e-04,3.750791335125426063e-04,3.995423464907127127e-04,4.244017884579471839e-04,4.495830583443231150e-04,4.750026415446849198e-04,5.005676124269685607e-04,5.261753869169659512e-04,5.517135311989984246e-04,5.770596324662903781e-04,6.020812374838896202e-04,6.266358644884121231e-04,6.505710936409069478e-04,6.737247408706599624e-04,6.959251194982884504e-04,7.169913935064042669e-04,7.367340257364855989e-04,7.549553236333531600e-04,7.714500844365698457e-04,7.860063409348513235e-04,7.984062080597025901e-04,8.084268297034913515e-04,8.158414242113115698e-04,8.204204260225419869e-04,8.219327199349523013e-04,8.201469634404834298e-04,8.148329915469293416e-04,8.057632974640619849e-04,7.927145815070221410e-04,7.754693595656015617e-04,7.538176215169934118e-04,7.275585290340084435e-04,6.965021413727362108e-04,6.604711569257276605e-04,6.193026576110428373e-04,5.728498425462077732e-04,5.209837369406630433e-04,4.635948617420139082e-04,4.005948493005033451e-04,3.319179901824030718e-04,2.575226962747923171e-04,1.773928654890805350e-04,9.153913369449470324e-05,0.000000000000000000e+00
0.000000000000000000e+00,1.012219984672664830e-05,2.084790085771753680e-05,3.219520347121194466e-05,4.418191364639227555e-05,5.682531166729187447e-05,7.014189317634870980e-05,8.414708246373971373e-05,9.885491834309599807e-05,1.142777132681453429e-04,1.304256866862109170e-04,1.473065739809659895e-04,1.649252127257288614e-04,1.832831083468968976e-04,2.023779816815671759e-04,2.222033013004039788e-04,2.427478038525300304e-04,2.639950060695441143e-04,2.859227124363869347e-04,3.085025228931802472e-04,3.316993452696856957e-04,3.554709174679146662e-04,3.797673446938064140e-04,4.045306572909641743e-04,4.296943949433207192e-04,4.551832231846190155e-04,4.809125882761261148e-04,5.067884165856931201e-04,5.327068646170152232e-04,5.585541257939901933e-04,5.842062999980451605e-04,6.095293316832969691e-04,6.343790221530829897e-04,6.586011212699378631e-04,6.820315034883853589e-04,7.044964326455211735e-04,7.258129194185904652e-04,7.457891747627691005e-04,7.642251619780199680e-04,7.809132493241201017e-04,7.956389643113483167e-04,8.081818499455677499e-04,8.183164223059848086e-04,8.258132278881442304e-04,8.304399981610186650e-04,8.319628977734443457e-04,8.301478618106844943e-04,8.247620164561215560e-04,8.155751763665205871e-04,8.023614110328120864e-04,7.849006713835488501e-04,7.629804669069263330e-04,7.363975826318409565e-04,7.049598244312360725e-04,6.684877803045145232e-04,6.268165845723600114e-04,5.797976712891832630e-04,5.273005026572413203e-04,4.692142578236003841e-04,4.054494671669509574e-04,3.359395770456287790e-04,2.606424299895202835e-04,1.795416454845256602e-04,9.264788682484262827e-05,0.000000000000000000e+00
0.000000000000000000e+00,1.019918091843825075e-05,2.100642189930703344e-05,3.243992683888383165e-05,4.451759968981253211e-05,5.725681169673084762e-05,7.067414070024474390e-05,8.478508253693458490e-05,9.960373486944132870e-05,1.151424541066198504e-04,1.314114864172089535e-04,1.484185741990874891e-04,1.661685397372669910e-04,1.846628481643173864e-04,2.038991522236073973e-04,2.238708217249836671e-04,2.445664609704107577e-04,2.659694178095589373e-04,2.880572883579791878e-04,3.108014217688433015e-04,3.341664297885431865e-04,3.581097061419572544e-04,3.825809610800291315e-04,4.075217766755962227e-04,4.328651886682986999e-04,4.585353008311391200e-04,4.844469379552599321e-04,5.105053436213582204e-04,5.366059289417376629e-04,5.626340784125534759e-04,5.884650189079376455e-04,6.139637576735038288e-04,6.389850949338276263e-04,6.633737164151341185e-04,6.869643706994073458e-04,7.095821358690881670e-04,7.310427793727297631e-04,7.511532144426067478e-04,7.697120557272213188e-04,7.865102760678299764e-04,8.013319655521739839e-04,8.139551931252032163e-04,8.241529701312825780e-04,8.316943142115307188e-04,8.363454109909871769e-04,8.378708699712776337e-04,8.360350700044350295e-04,8.306035886722259445e-04,8.213447088431458576e-04,8.080309946372430654e-04,7.904409280086989670e-04,7.683605961695308927e-04,7.415854191373099378e-04,7.099219058077570026e-04,6.731894261421305162e-04,6.312219863318143526e-04,5.838699931707478892e-04,5.310019933420473100e-04,4.725063729197383623e-04,4.082930021104141135e-04,3.382948101227146228e-04,2.624692750633041485e-04,1.807998139242419846e-04,9.329705805425839290e-05,0.000000000000000000e+00
0.000000000000000000e+00,1.023031850133130698e-05,2.107052136549362074e-05,3.253883248537056173e-05,4.465317153921921113e-05,5.743092071327630152e-05,7.088866345934372764e-05,8.504189531653193255e-05,9.990470713320259027e-05,1.154894413515969573e-04,1.318063223616108392e-04,1.488630622893051981e-04,1.666644439573248843e-04,1.852118831354311438e-04,2.045029725865084964e-04,2.245310108030856486e-04,2.452845187177253670e-04,2.667467480534685582e-04,2.888951853535034380e-04,3.117010560878523558e-04,3.351288335744145386e-04,3.591357577673959874e-04,3.836713692531117364e-04,4.086770640465036460e-04,4.340856749966038740e-04,4.598210857808515120e-04,4.857978835920523874e-04,5.119210566934252705e-04,5.380857430325329581e-04,5.641770360601382900e-04,5.900698537918150572e-04,6.156288769755356022e-04,6.407085619851273037e-04,6.651532337455975637e-04,6.887972636108086362e-04,7.114653366563373485e-04,7.329728123209773311e-04,7.531261817303305578e-04,7.717236243672353059e-04,7.885556660192904197e-04,8.034059391371017270e-04,8.160520458828091073e-04,8.262665232424122683e-04,8.338179086238889544e-04,8.384719033734093106e-04,8.399926306221980332e-04,8.381439828358715682e-04,8.326910533860045881e-04,8.234016454107998635e-04,8.100478501889546564e-04,7.924076862298728031e-04,7.702667892960502046e-04,7.434201426322516659e-04,7.116738357933136963e-04,6.748468396507284993e-04,6.327727844298875609e-04,5.853017269974034520e-04,5.323018930928574786e-04,4.736613797932309939e-04,4.092898032214367003e-04,3.391198763728198303e-04,2.631089019436367096e-04,1.812401652111706916e-04,9.352421234224195571e-05,0.000000000000000000e+00
0.000000000000000000e+00,1.021937420418921441e-05,2.104794725896919438e-05,3.250388688701175106e-05,4.460505346308047694e-05,5.736876718979218060e-05,7.081154739177198927e-05,8.494882395880485877e-05,9.979462127467151993e-05,1.153612152939491407e-04,1.316587647721095377e-04,1.486949180123892198e-04,1.664743968634395778e-04,1.849985600816977558e-04,2.042649485584233852e-04,2.242668152998406170e-04,2.449926434359236027e-04,2.664256559149658261e-04,2.885433209128289629e-04,3.113168573431611581e-04,3.347107451932397962e-04,3.586822457246234075e-04,3.831809368636765359e-04,4.081482693593735606e-04,4.335171494997736887e-04,4.592115543494434157e-04,4.851461855933336632e-04,5.112261681437864792e-04,5.373467996823727989e-04,5.633933572633967411e-04,5.892409669977683069e-04,6.147545426616670295e-04,6.397887988316365484e-04,6.641883438346874108e-04,6.877878574175111566e-04,7.104123575826306073e-04,7.318775605115377097e-04,7.519903368967203886e-04,7.705492673379712434e-04,7.873452987262402007e-04,8.021625027443577902e-04,8.147789367627335157e-04,8.249676065052054513e-04,8.324975289119689861e-04,8.371348926402332261e-04,8.386443126270760710e-04,8.367901741018648858e-04,8.313380603872287883e-04,8.220562577783552391e-04,8.087173297512614822e-04,7.910997517332591603e-04,7.689895966849335379e-04,7.421822608049270017e-04,7.104842177890045461e-04,6.737147892658313557e-04,6.317079183059482253e-04,5.843139322698418783e-04,5.314012807374388601e-04,4.728582338561915102e-04,4.085945261685877835e-04,3.385429308422164565e-04,2.626607492350055894e-04,1.809312008925864266e-04,9.336469939992805074e-05,0.000000000000000000e+00
0.000000000000000000e+00,1.016988785540522768e-05,2.094599077936883666e-05,3.234635103405797353e-05,4.438870148671747120e-05,5.709023412086789903e-05,7.046734085558426473e-05,8.453532670480039582e-05,9.930809561272760659e-05,1.147978096249780409e-04,1.310145223958087020e-04,1.479657883876915668e-04,1.656562494874927861e-04,1.840872011409240810e-04,2.032561404903142539e-04,2.231562993865746840e-04,2.437761655306436271e-04,2.650989953786025283e-04,2.871023228137679754e-04,3.097574679438686810e-04,3.330290507172905959e-04,3.568745143645568867e-04,3.812436639549005219e-04,4.060782256081570314e-04,4.313114321144618656e-04,4.568676408836709634e-04,4.826619902685304309e-04,5.086001003760144690e-04,5.345778244958997779e-04,5.604810572308209287e-04,5.861856053044099202e-04,6.115571268508283300e-04,6.364511447476968019e-04,6.607131392433517134e-04,6.841787247474430704e-04,7.066739152006769635e-04,7.280154819153442612e-04,7.480114071843277368e-04,7.664614362944163588e-04,7.831577298528737043e-04,7.978856175479193992e-04,8.104244536187204043e-04,8.205485734140994516e-04,8.280283494777936765e-04,8.326313446190703859e-04,8.341235584187096930e-04,8.322707625909046749e-04,8.268399195809153241e-04,8.176006777368114743e-04,8.043269353621058677e-04,7.867984649461015959e-04,7.648025878920142314e-04,7.381358891317188866e-04,7.066059601424195787e-04,6.700331580773050437e-04,6.282523680013176121e-04,5.811147545969278915e-04,5.284894891846787009e-04,4.702654375006239292e-04,4.063527933979388883e-04,3.366846435026996033e-04,2.612184478625677428e-04,1.799374217895109197e-04,9.285180441970952324e-05,0.000000000000000000e+00
0.000000000000000000e+00,1.008519410112463424e-05,2.077152050336111686e-05,3.207683319976232703e-05,4.401867577960750936e-05,5.661405207826826274e-05,6.987916942120834466e-05,8.382915449531253916e-05,9.847774218188113738e-05,1.138369380059163336e-04,1.299166551937391010e-04,1.467243276831759087e-04,1.642645007948957171e-04,1.825384016469902364e-04,2.015434917743260323e-04,2.212730047960078229e-04,2.417154723546735627e-04,2.628542419262482142e-04,2.846669904639486390e-04,3.071252381913206690e-04,3.301938671912984266e-04,3.538306497470242152e-04,3.779857916706813288e-04,4.026014961041103645e-04,4.276115534847685384e-04,4.529409635379853848e-04,4.785055952770157230e-04,5.042118910617676263e-04,5.299566207812946884e-04,5.556266921805178005e-04,5.810990232448636763e-04,6.062404823847960308e-04,6.309079019232190482e-04,6.549481700807566935e-04,6.781984062758417186e-04,7.004862241080055379e-04,7.216300858740511571e-04,7.414397518790550971e-04,7.597168271493057699e-04,7.762554074351187385e-04,7.908428256116185016e-04,8.032604987496056110e-04,8.132848752418836901e-04,8.206884804392654926e-04,8.252410582820136507e-04,8.267108054146806188e-04,8.248656932540213930e-04,8.194748724502501141e-04,8.103101531517660754e-04,7.971475534631051020e-04,7.797689074868992308e-04,7.579635233743807878e-04,7.315298808878146998e-04,7.002773571140526480e-04,6.640279681736877904e-04,6.226181140569624637e-04,5.759003130978313650e-04,5.237449120826995468e-04,4.660417575916701079e-04,4.027018138976972230e-04,3.336587126126737001e-04,2.588702192774172618e-04,1.783196022524213256e-04,9.201688958393081878e-05,0.000000000000000000e+00
0.000000000000000000e+00,9.968437761111756894e-06,2.053101400707132792e-05,3.170533776212683630e-05,4.350870763034482775e-05,5.595788531284837390e-05,6.906884209227374320e-05,8.285647831878413798e-05,9.733431622916640161e-05,1.125141667465922289e-04,1.284057712415557551e-04,1.450164195819932632e-04,1.623505461600349925e-04,1.804093059513037613e-04,1.991901330369488571e-04,2.186862843951925626e-04,2.388863721443087529e-04,2.597738877886614684e-04,2.813267223795004927e-04,3.035166868482588637e-04,3.263090370975926802e-04,3.496620087397303892e-04,3.735263666481471200e-04,3.978449747324604982e-04,4.225523915530950440e-04,4.475744975570883659e-04,4.728281598350088421e-04,4.982209403671049959e-04,5.236508537405262613e-04,5.490061802751729312e-04,5.741653403901650181e-04,5.989968358733205062e-04,6.233592634801273435e-04,6.471014059847621626e-04,6.700624054327246337e-04,6.920720229021672066e-04,7.129509885694196390e-04,7.325114452945421595e-04,7.505574882970004937e-04,7.668858027823957082e-04,7.812864006122561102e-04,7.935434562846459868e-04,8.034362416190977052e-04,8.107401576213583549e-04,8.152278610486688544e-04,8.166704822126223976e-04,8.148389295527930492e-04,8.095052754995156388e-04,8.004442171286346068e-04,7.874346041051503943e-04,7.702610254278047762e-04,7.487154455340703065e-04,7.225988794167964059e-04,6.917230955516830929e-04,6.559123346511029759e-04,6.150050315563310730e-04,5.688555269689262329e-04,5.173357552140628963e-04,4.603368938350667176e-04,3.977709605493223548e-04,3.295723429606415298e-04,2.556992464303253841e-04,1.761350456660280134e-04,9.088952589990666100e-05,0.000000000000000000e+00
0.000000000000000000e+00,9.822587923143608621e-06,2.023058689125667374e-05,3.124131001707880246e-05,4.287176092504664917e-05,5.513841079430796641e-05,6.805694882027075174e-05,8.164200613005500240e-05,9.590685347958470791e-05,1.108630733709653487e-04,1.265202075562738189e-04,1.428853812356697538e-04,1.599629056112430168e-04,1.777538608203612855e-04,1.962556616403133354e-04,2.154616087263165483e-04,2.353604285137775450e-04,2.559358052791362286e-04,2.771659092075525149e-04,2.990229246558043143e-04,3.214725831206019903e-04,3.444737057215467189e-04,3.679777602795440369e-04,3.919284383110338901e-04,4.162612574613052232e-04,4.409031950619403178e-04,4.657723586137654586e-04,4.907776990633755127e-04,5.158187727545302057e-04,5.407855578918761494e-04,5.655583312504193147e-04,5.900076106971741769e-04,6.139941688592735454e-04,6.373691229738381869e-04,6.599741055880545965e-04,6.816415203428016984e-04,7.021948865701389776e-04,7.214492758651024464e-04,7.392118431574487341e-04,7.552824541118945958e-04,7.694544099296189319e-04,7.815152698136491665e-04,7.912477705015259939e-04,7.984308413664089818e-04,8.028407126494743491e-04,8.042521134197471019e-04,8.024395548709841808e-04,7.971786935679357798e-04,7.882477682562882880e-04,7.754291028620538409e-04,7.585106673382562698e-04,7.372876870805881609e-04,7.115642907410589741e-04,6.811551854311714144e-04,6.458873475358268765e-04,6.056017166675916902e-04,5.601548796898738868e-04,5.094207312379816360e-04,4.532920967798256861e-04,3.916823039930181715e-04,3.245266881017773290e-04,2.517840168233537049e-04,1.734378207271080740e-04,8.949761511553717388e-05,0.000000000000000000e+00
0.000000000000000000e+00,9.650450777929070451e-06,1.987601921330531818e-05,3.069367698924831025e-05,4.212008813745064247e-05,5.417139019902251411e-05,6.686294932512856933e-05,8.020908935368927374e-05,9.422279518520023181e-05,1.089153910856611258e-04,1.242961948657757818e-04,1.403721492207542058e-04,1.571474318616816745e-04,1.746230464247034895e-04,1.927963965050882183e-04,2.116608455262220521e-04,2.312052655151116938e-04,2.514135782121944599e-04,2.722642922901134799e-04,2.937300407893934776e-04,3.157771231942891840e-04,3.383650568650094226e-04,3.614461428085363401e-04,3.849650510048386156e-04,4.088584307039273380e-04,4.330545512675044008e-04,4.574729792427067792e-04,4.820242974205431142e-04,5.066098716442838648e-04,5.311216710898322094e-04,5.554421476378441826e-04,5.794441797934461128e-04,6.029910863816153894e-04,6.259367149530412197e-04,6.481256094755489605e-04,6.693932614595613645e-04,6.895664481729484778e-04,7.084636610420294882e-04,7.258956267132839722e-04,7.416659225671588113e-04,7.555716877346697977e-04,7.674044298736183234e-04,7.769509271192689363e-04,7.839942237402584054e-04,7.883147171111217063e-04,7.896913326656047243e-04,7.879027825283135703e-04,7.827289025451245790e-04,7.739520614548722841e-04,7.613586349762719316e-04,7.447405366356085916e-04,7.238967962434013142e-04,6.986351760535254585e-04,6.687738138175478584e-04,6.341428811920666632e-04,5.945862452789680641e-04,5.499631204892577781e-04,5.001496974312228793e-04,4.450407351438202840e-04,3.845511027360016838e-04,3.186172563613746088e-04,2.471986374631253230e-04,1.702789783736591051e-04,8.786750165259383182e-05,0.000000000000000000e+00
0.000000000000000000e+00,9.454681214985067255e-06,1.947277936808911448e-05,3.007088430512299562e-05,4.126528091934737351e-05,5.307173495955427623e-05,6.550525336132539955e-05,7.857981913851376781e-05,9.230810115249665489e-05,1.067011393749883101e-04,1.217680065742892667e-04,1.375154476826044212e-04,1.539474984409966289e-04,1.710650852659094346e-04,1.888656086339352718e-04,2.073425126363404492e-04,2.264848437082307708e-04,2.462768018853938321e-04,2.666972882808221583e-04,2.877194527985766021e-04,3.093102464107339716e-04,3.314299826093172101e-04,3.540319129049237330e-04,3.770618214728262184e-04,4.004576442412409801e-04,4.241491178709239258e-04,4.480574641861622960e-04,4.720951156805697907e-04,4.961654877331904412e-04,5.201628031278738955e-04,5.439719743686797886e-04,5.674685491235931765e-04,5.905187239059739562e-04,6.129794308163617929e-04,6.346985018154707421e-04,6.555149145821563723e-04,6.752591235280551831e-04,6.937534789946459999e-04,7.108127370503413431e-04,7.262446616375938012e-04,7.398507200961709643e-04,7.514268723130095029e-04,7.607644529263557455e-04,7.676511451480594241e-04,7.718720438696167595e-04,7.732108047920655414e-04,7.714508753754425107e-04,7.663768024488224872e-04,7.577756103665264469e-04,7.454382426497652581e-04,7.291610591263225248e-04,7.087473796845676632e-04,6.840090649033746294e-04,6.547681230175014756e-04,6.208583319401752816e-04,5.821268644020719234e-04,5.384359036898305178e-04,4.896642369882161670e-04,4.357088129584347114e-04,3.764862499303570499e-04,3.119342809575009019e-04,2.420131219883273326e-04,1.667067495527488883e-04,8.602407465424578609e-05,0.000000000000000000e+00
0.000000000000000000e+00,9.237793215692852985e-06,1.902604549222144056e-05,2.938092924356787934e-05,4.031831544887805384e-05,5.185356457801006808e-05,6.400129267841279544e-05,7.677511266101521062e-05,9.018735109642441719e-05,1.042487411236236344e-04,1.189680923796924408e-04,1.343519391786999269e-04,1.504041684984332562e-04,1.671256296723175523e-04,1.845137280278016999e-04,2.025620050583990558e-04,2.212597080610379332e-04,2.405913525097115124e-04,2.605362807667717167e-04,2.810682210505458011e-04,3.021548508781384630e-04,3.237573694810470326e-04,3.458300839442839656e-04,3.683200140427614171e-04,3.911665209374721162e-04,4.143009650443127325e-04,4.376463984962244394e-04,4.611172976807914039e-04,4.846193413469466289e-04,5.080492397326948507e-04,5.312946200678183521e-04,5.542339736488660715e-04,5.767366694662828678e-04,5.986630390837713051e-04,6.198645371269422347e-04,6.401839813316688183e-04,6.594558756325929983e-04,6.775068192400498504e-04,6.941560040609443157e-04,7.092158021684175388e-04,7.224924443197577786e-04,7.337867897660336558e-04,7.428951867952414195e-04,7.496104226090271466e-04,7.537227602577572117e-04,7.550210594569591385e-04,7.532939771879530993e-04,7.483312430553088184e-04,7.399250034428141772e-04,7.278712275875977994e-04,7.119711677890914765e-04,6.920328650961642776e-04,6.678726909828418181e-04,6.393169147414527395e-04,6.062032856029445430e-04,5.683826179483108827e-04,5.257203674134693604e-04,4.780981852227929839e-04,4.254154377239777836e-04,3.675906778481525497e-04,3.045630550929490196e-04,2.362936506301467328e-04,1.627667242803807401e-04,8.399086038062138996e-05,0.000000000000000000e+00
0.000000000000000000e+00,9.002169093048719198e-06,1.854072449364245248e-05,2.863139012095918239e-05,3.928959275220719765e-05,5.053025847996082286e-05,6.236758501681558399e-05,7.481478988553650082e-05,8.788383479906827691e-05,1.015851268177613812e-04,1.159271971691422360e-04,1.309163589264426494e-04,1.465563450635459851e-04,1.628479287333847475e-04,1.797885279512418679e-04,1.973717972007507030e-04,2.155872088152759373e-04,2.344196273172327529e-04,2.538488802190053085e-04,2.738493290975444090e-04,2.943894450464254291e-04,3.154313928800047025e-04,3.369306287101466488e-04,3.588355157326404612e-04,3.810869632437130809e-04,4.036180940529171036e-04,4.263539455632431308e-04,4.492112098487800417e-04,4.720980180711582363e-04,4.949137745351717133e-04,5.175490455884834695e-04,5.398855084177854504e-04,5.617959645821677447e-04,5.831444228522834200e-04,6.037862555902676282e-04,6.235684325099159200e-04,6.423298351997017933e-04,6.599016552737951413e-04,6.761078784400664657e-04,6.907658561415470650e-04,7.036869657422041135e-04,7.146773594931305103e-04,7.235388017361252125e-04,7.300695929835797392e-04,7.340655786629924143e-04,7.353212394380921179e-04,7.336308591243350221e-04,7.287897653125820566e-04,7.205956369101100285e-04,7.088498719120472306e-04,6.933590078388483314e-04,6.739361864266323575e-04,6.504026533477180608e-04,6.225892829790302891e-04,5.903381175370616112e-04,5.535039092702354968e-04,5.119556538534719356e-04,4.655781026754105662e-04,4.142732413559920457e-04,3.579617215898464253e-04,2.965842332876827015e-04,2.301028039910124243e-04,1.585020126717036739e-04,8.179010530230259126e-05,0.000000000000000000e+00
0.000000000000000000e+00,8.750067638560270799e-06,1.802146883097814514e-05,2.782945220295857802e-05,3.818897426179626635e-05,4.911450174698872188e-05,6.061979055547140428e-05,7.271764127999292269e-05,8.541963165746266665e-05,9.873582649868571659e-05,1.126744659600057271e-04,1.272416333189823234e-04,1.424409037280527856e-04,1.582729757396182451e-04,1.747352877203467610e-04,1.918216215986735806e-04,2.095216967142232896e-04,2.278207568577325713e-04,2.466991539013628628e-04,2.661319317182724844e-04,2.860884143730505098e-04,3.065318028271092859e-04,3.274187846413296674e-04,3.486991613681193910e-04,3.703154985025497534e-04,3.922028030034338444e-04,4.142882334963504166e-04,4.364908483280159515e-04,4.587213966517272390e-04,4.808821576837189683e-04,5.028668331774467735e-04,5.245604980146504389e-04,5.458396136066443393e-04,5.665721085351928732e-04,5.866175305386593349e-04,6.058272735655542956e-04,6.240448831744850730e-04,6.411064430577521726e-04,6.568410449071765238e-04,6.710713432274979361e-04,6.836141960379813441e-04,6.942813916906003533e-04,7.028804612778659670e-04,7.092155753104144528e-04,7.130885225199484929e-04,7.142997677937082228e-04,7.126495853798750935e-04,7.079392626271512404e-04,6.999723686448681981e-04,6.885560814014424430e-04,6.735025659284478525e-04,6.546303954747893219e-04,6.317660066707649286e-04,6.047451790253307582e-04,5.734145284021824242e-04,5.376330035114952740e-04,4.972733739245489924e-04,4.522236976777409614e-04,4.023887561901138329e-04,3.476914439831954389e-04,2.880741005719114015e-04,2.234997718977139016e-04,1.539533888063387632e-04,7.944285033785308521e-05,0.000000000000000000e+00
0.000000000000000000e+00,8.483631245477733486e-06,1.747269118511556930e-05,2.698193036274236655e-05,3.702581291262906923e-05,4.761832511495501494e-05,5.877276128837268616e-05,7.050148705838566962e-05,8.281568029028983863e-05,9.572505024119051678e-05,1.092375357654020796e-04,1.233589836994074197e-04,1.380928088542840394e-04,1.534396373526254352e-04,1.693969353607879444e-04,1.859586255828346232e-04,2.031146941966680388e-04,2.208507912222002541e-04,2.391478276124638775e-04,2.579815726476713156e-04,2.773222554855814064e-04,2.971341749752788456e-04,3.173753220716867603e-04,3.379970193909298710e-04,3.589435826181178895e-04,3.801520086154687190e-04,4.015516951762440351e-04,4.230641974252450027e-04,4.446030258763252916e-04,4.660734911185546864e-04,4.873726000126255443e-04,5.083890081355627944e-04,5.290030330129178154e-04,5.490867324220106895e-04,5.685040517365716820e-04,5.871110439120493137e-04,6.047561652821592916e-04,6.212806498519503427e-04,6.365189642323061756e-04,6.502993447677508226e-04,6.624444177666299807e-04,6.727719030539758499e-04,6.810954003370335401e-04,6.872252571067310545e-04,6.909695160011209997e-04,6.921349387355991934e-04,6.905281028666447130e-04,6.859565668087113386e-04,6.782300976761131183e-04,6.671619556819685572e-04,6.525702280039125114e-04,6.342792042307222487e-04,6.121207847452340327e-04,5.859359126867496291e-04,5.555760194807153347e-04,5.209044733346421914e-04,4.817980195868851439e-04,4.381482013684216323e-04,3.898627487063213216e-04,3.368669239695776165e-04,2.791048114413421412e-04,2.165405388032776667e-04,1.491594184439746465e-04,7.696899675907875724e-05,0.000000000000000000e+00
0.000000000000000000e+00,8.204892084247927895e-06,1.689857717923192248e-05,2.609528872680209004e-05,3.580898010697321476e-05,4.605313966267304951e-05,5.684058385346954322e-05,6.818322857703895028e-05,8.009183893856098473e-05,9.257575800481484087e-05,1.056426153498646938e-04,1.192980164809731298e-04,1.335452145246202049e-04,1.483847658508606149e-04,1.638141716170862924e-04,1.798275075167578112e-04,1.964150443217554899e-04,2.135628621054608983e-04,2.312524613241061819e-04,2.494603742127815440e-04,2.681577802161204307e-04,2.873101294183691813e-04,3.068767781594927690e-04,3.268106412194448068e-04,3.470578651179406717e-04,3.675575272083877500e-04,3.882413653385165990e-04,4.090335429033271106e-04,4.298504541250848261e-04,4.506005743573897218e-04,4.711843601232305325e-04,4.914942034582286522e-04,5.114144449381848945e-04,5.308214495232450219e-04,5.495837490486626953e-04,5.675622548339889512e-04,5.846105434688540683e-04,6.005752183652339916e-04,6.152963491447920562e-04,6.286079903577381943e-04,6.403387804095967079e-04,6.503126209078813206e-04,6.583494359362505530e-04,6.642660100242036344e-04,6.678769028114688944e-04,6.689954376141573960e-04,6.674347602915126423e-04,6.630089639950832812e-04,6.555342745644737387e-04,6.448302905239408330e-04,6.307212708409036268e-04,6.130374628401489981e-04,5.916164619355986001e-04,5.663045941545411096e-04,5.369583117969431137e-04,5.034455920043278722e-04,4.656473275183085577e-04,4.234586984971892170e-04,3.767905139389643595e-04,3.255705110386566113e-04,2.697446006949034167e-04,2.092780473816978739e-04,1.441565717222775323e-04,7.438736434803715106e-05,0.000000000000000000e+00
0.000000000000000000e+00,7.915777410899287774e-06,1.630309631344431059e-05,2.517565756476757534e-05,3.454688889930364863e-05,4.442976664273844600e-05,5.483661637080315340e-05,6.577889255157382106e-05,7.726693744247491245e-05,8.930971976031099860e-05,1.019145539027811455e-04,1.150868007712425032e-04,1.288295515249211472e-04,1.431432958840174637e-04,1.580255768906998213e-04,1.734706343300879995e-04,1.894690393050596662e-04,2.060073227459580190e-04,2.230676009157572283e-04,2.406272012395583681e-04,2.586582920409163954e-04,2.771275200028656418e-04,2.959956593849704678e-04,3.152172772156784327e-04,3.347404188380606258e-04,3.545063183131853097e-04,3.744491382755055263e-04,3.944957438854752689e-04,4.145655155331449135e-04,4.345702049099518620e-04,4.544138389818419815e-04,4.739926762631543737e-04,4.931952196056138419e-04,5.119022894790753193e-04,5.299871614295401925e-04,5.473157710551548785e-04,5.637469894426978649e-04,5.791329715563466561e-04,5.933195795688048701e-04,6.061468825742553305e-04,6.174497335259515173e-04,6.270584236019477887e-04,6.347994135246810962e-04,6.404961406485974252e-04,6.439698998902172343e-04,6.450407958129842408e-04,6.435287624016303078e-04,6.392546462747555154e-04,6.320413482976702888e-04,6.217150177783215730e-04,6.081062926660077157e-04,5.910515784343025074e-04,5.703943576253945767e-04,5.459865213719816528e-04,5.176897136043906358e-04,4.853766781037863751e-04,4.489325980863955443e-04,4.082564176072738644e-04,3.632621337638027069e-04,3.138800484665923898e-04,2.600579684362084036e-04,2.017623420845040313e-04,1.389793220551988463e-04,7.171574243420986822e-05,0.000000000000000000e+00
0.000000000000000000e+00,7.618114092171973777e-06,1.569001128664395276e-05,2.422884768958405346e-05,3.324751376657962879e-05,4.275846292372021020e-05,5.277351986829242132e-05,6.330366878750080274e-05,7.435882160706080979e-05,8.594756682894257038e-05,9.807689969744763355e-05,1.107519347034308766e-04,1.239756017058378696e-04,1.377483272256222054e-04,1.520677027470926476e-04,1.669281421432063019e-04,1.823205306214400459e-04,1.982318678626449418e-04,2.146449082935877764e-04,2.315378016914228037e-04,2.488837375617527028e-04,2.666505969577933678e-04,2.848006156129465082e-04,3.032900624393650981e-04,3.220689375973752886e-04,3.410806944615358107e-04,3.602619898954313705e-04,3.795424672958709091e-04,3.988445768751264220e-04,4.180834376145342113e-04,4.371667452418444267e-04,4.559947304561078572e-04,4.744601714460110415e-04,4.924484645191814060e-04,5.098377563803359325e-04,5.264991412649869468e-04,5.422969257530413367e-04,5.570889636538599050e-04,5.707270628726589419e-04,5.830574656395528469e-04,5.939214029097702931e-04,6.031557231299168077e-04,6.105935949145750545e-04,6.160652824946143483e-04,6.193989920885293373e-04,6.204217866167417023e-04,6.189605654324817569e-04,6.148431049884805913e-04,6.078991556037104333e-04,5.979615887465407125e-04,5.848675885182607996e-04,5.684598803123033046e-04,5.485879889485475221e-04,5.251095179475240120e-04,4.978914410252021239e-04,4.668113963640261005e-04,4.317589737588446849e-04,3.926369843555922896e-04,3.493627024042899308e-04,3.018690682435224521e-04,2.501058416281836815e-04,1.940406945120851361e-04,1.336602325075808876e-04,6.897093447009009263e-05,0.000000000000000000e+00
0.000000000000000000e+00,7.313632432759786507e-06,1.506288588127849443e-05,2.326036263931970728e-05,3.191840733585818760e-05,4.104894252166443858e-05,5.066328488440893622e-05,6.077194213030994222e-05,7.138439078451094474e-05,8.250883538993462689e-05,9.415194982385930789e-05,1.063186017012151326e-04,1.190115610916996081e-04,1.322311950421444242e-04,1.459751496638030631e-04,1.602380218138541013e-04,1.750110226687202897e-04,1.902816357509293753e-04,2.060332722281687698e-04,2.222449265497920996e-04,2.388908357190795630e-04,2.559401457157500326e-04,2.733565887792267519e-04,2.910981754356574262e-04,3.091169052973554311e-04,3.273585007789340867e-04,3.457621679568710681e-04,3.642603888455373516e-04,3.827787493701329631e-04,4.012358072829320206e-04,4.195430041915012361e-04,4.376046257442026762e-04,4.553178138477315074e-04,4.725726345725435882e-04,4.892522051340573346e-04,5.052328830202407932e-04,5.203845199698935685e-04,5.345707830914197796e-04,5.476495449505565643e-04,5.594733439493090313e-04,5.698899157698540099e-04,5.787427960695697843e-04,5.858719939903965718e-04,5.911147353918541885e-04,5.943062740372080308e-04,5.952807682620126070e-04,5.938722199397307704e-04,5.899154718368691559e-04,5.832472587272160376e-04,5.737073069187578929e-04,5.611394761455823759e-04,5.453929370985954568e-04,5.263233772216443108e-04,5.037942267919860240e-04,4.776778967446209702e-04,4.478570191971738171e-04,4.142256811941688339e-04,3.766906418246991281e-04,3.351725225834281457e-04,2.896069606487505213e-04,2.399457146505755141e-04,1.861577124994754891e-04,1.282300309542041628e-04,6.616879682007725349e-05,0.000000000000000000e+00
0.000000000000000000e+00,7.003969390190398938e-06,1.442509158717651599e-05,2.227540891239597809e-05,3.056671444194461549e-05,3.931039469979963986e-05,4.851725383815795481e-05,5.819731934238611085e-05,6.835962950285170167e-05,7.901200311347357172e-05,9.016079208579248143e-05,1.018106179061087151e-04,1.139640931099408002e-04,1.266215292007003977e-04,1.397806326958301280e-04,1.534361912413030528e-04,1.675797519917506917e-04,1.821992947058325677e-04,1.972789022519060042e-04,2.127984314546047277e-04,2.287331874355100182e-04,2.450536048075450967e-04,2.617249392698563540e-04,2.787069733146015343e-04,2.959537398960568073e-04,3.134132680227285392e-04,3.310273543117311186e-04,3.487313645887271749e-04,3.664540696235890648e-04,3.841175190592067577e-04,4.016369575163985010e-04,4.189207867398285381e-04,4.358705774867096963e-04,4.523811346507821329e-04,4.683406188578923186e-04,4.836307274662907953e-04,4.981269375547104023e-04,5.116988130852319480e-04,5.242103779871834339e-04,5.355205564247064905e-04,5.454836809866845044e-04,5.539500689764121407e-04,5.607666663833732641e-04,5.657777584949330411e-04,5.688257454564352037e-04,5.697519804193734673e-04,5.683976672348740140e-04,5.646048139599030768e-04,5.582172377532452177e-04,5.490816160544292413e-04,5.370485782689950107e-04,5.219738315354509675e-04,5.037193135310345966e-04,4.821543646929327457e-04,4.571569116971815742e-04,4.286146535570297430e-04,3.964262412841463787e-04,3.605024417072996549e-04,3.207672757714972859e-04,2.771591214528685079e-04,2.296317713273137578e-04,1.781554348297382335e-04,1.227176753406818664e-04,6.332427244235547866e-05,0.000000000000000000e+00
0.000000000000000000e+00,6.690671261793721532e-06,1.377981313829367880e-05,2.127890452461830397e-05,2.919918388310622384e-05,3.755149910933980887e-05,4.634613974941227134e-05,5.559265160527570351e-05,6.529963396031952902e-05,7.547451986482953210e-05,8.612334013932877340e-05,9.725047198146335829e-05,1.088583732973299036e-04,1.209473041190139541e-04,1.335150367144949000e-04,1.465565562416793692e-04,1.600637540426821102e-04,1.740251159149748181e-04,1.884254079299166383e-04,2.032453625936282281e-04,2.184613683572150453e-04,2.340451656800028655e-04,2.499635530276745092e-04,2.661781063439750739e-04,2.826449156669650210e-04,2.993143426657120633e-04,3.161308029480163146e-04,3.330325770315361927e-04,3.499516538770169687e-04,3.668136108509365782e-04,3.835375339137144933e-04,4.000359817169349321e-04,4.162149971374105471e-04,4.319741695762865062e-04,4.472067511071450277e-04,4.617998292679720957e-04,4.756345589581847575e-04,4.885864555244053605e-04,5.005257506985997824e-04,5.113178125913340208e-04,5.208236304436136659e-04,5.289003643059185565e-04,5.354019592461017321e-04,5.401798230927283128e-04,5.430835661018032154e-04,5.439618002976000320e-04,5.426629955881333810e-04,5.390363890986076163e-04,5.329329435084257521e-04,5.242063495258034167e-04,5.127140669958797073e-04,4.983183985207710522e-04,4.808875888809286043e-04,4.602969429940446250e-04,4.364299546384469114e-04,4.091794377100114316e-04,3.784486513827780988e-04,3.441524102109124058e-04,3.062181699505272039e-04,2.645870797006808894e-04,2.192149908697623177e-04,1.700734134718608580e-04,1.171504103524531094e-04,6.045142013768176661e-05,0.000000000000000000e+00
0.000000000000000000e+00,6.375195926047749163e-06,1.313005313181233107e-05,2.027548614952376594e-05,2.782217823347327406e-05,3.578043843221084445e-05,4.416004187777990055e-05,5.297005332804196340e-05,6.221863418396684922e-05,7.191283340116765563e-05,8.205836292266913677e-05,9.265935847644847154e-05,1.037181268050208416e-04,1.152348806234190770e-04,1.272074628343169099e-04,1.396310617625833885e-04,1.524979194038828879e-04,1.657970349105767065e-04,1.795138657605167311e-04,1.936300292676455728e-04,2.081230072948406478e-04,2.229658572162946284e-04,2.381269323460494215e-04,2.535696151982101752e-04,2.692520670699988499e-04,2.851269975383755994e-04,3.011414575318075207e-04,3.172366596782761803e-04,3.333478296364687961e-04,3.494040920870582385e-04,3.653283949931446879e-04,3.810374756316239073e-04,3.964418717491395442e-04,4.114459810063609722e-04,4.259481716420138024e-04,4.398409470131636788e-04,4.530111663509862798e-04,4.653403237123219897e-04,4.767048867079758112e-04,4.869766961506111365e-04,4.960234272904940614e-04,5.037091127989717400e-04,5.098947271206915590e-04,5.144388312500175866e-04,5.171982763991129790e-04,5.180289644195845786e-04,5.167866622216594347e-04,5.133278668102929767e-04,5.075107169325071468e-04,4.991959467110507198e-04,4.882478760329856033e-04,4.745354318749607568e-04,4.579331941870388935e-04,4.383224594311877506e-04,4.155923143863949026e-04,3.896407123970237131e-04,3.603755438617700906e-04,3.277156924442912664e-04,2.915920682400064421e-04,2.519486089629104195e-04,2.087432401273603281e-04,1.619487851978136986e-04,1.115538167690311464e-04,5.756344002400236710e-05,0.000000000000000000e+00
0.000000000000000000e+00,6.058914717493642802e-06,1.247863589265009823e-05,1.926951509372312846e-05,2.644168205726339681e-05,3.400490896920237832e-05,4.196845882684015769e-05,5.034091791688958157e-05,5.913001262107121900e-05,6.834241094807362929e-05,7.798350938777756603e-05,8.805720588909915958e-05,9.856565997505983433e-05,1.095090412259988632e-04,1.208852675822818178e-04,1.326897351393571201e-04,1.449150413283450609e-04,1.575507035921527822e-04,1.705828758779211500e-04,1.839940654688539308e-04,1.977628528695056856e-04,2.118636176357094369e-04,2.262662732007787367e-04,2.409360138906991363e-04,2.558330774400123173e-04,2.709125264143684734e-04,2.861240520127217800e-04,3.014118037594674211e-04,3.167142486021658210e-04,3.319640629018623433e-04,3.470880607385053249e-04,3.620071618520571662e-04,3.766364023992910975e-04,3.908849915260638702e-04,4.046564165344247190e-04,4.178485991631631096e-04,4.303541051994491206e-04,4.420604092988632272e-04,4.528502165123952277e-04,4.626018416036085652e-04,4.711896467891636274e-04,4.784845380539178754e-04,4.843545196809521253e-04,4.886653061006949192e-04,4.912809896059408933e-04,4.920647619054706367e-04,4.908796869032350848e-04,4.875895214979820828e-04,4.820595806056560692e-04,4.741576420199053454e-04,4.637548861510987675e-04,4.507268651279080400e-04,4.349544952147189327e-04,4.163250659996341392e-04,3.947332593487812508e-04,3.700821707097878702e-04,3.422843249875762292e-04,3.112626789155605728e-04,2.769516016113163725e-04,2.392978248436713074e-04,1.982613544535507979e-04,1.538163343686001151e-04,1.059518547360342586e-04,5.467269587279293579e-05,0.000000000000000000e+00
0.000000000000000000e+00,5.743114010518899069e-06,1.182821073841799243e-05,1.826508234654536974e-05,2.506330885300784274e-05,3.223212959526310876e-05,3.978029963373345593e-05,4.771593112908405334e-05,5.604631989421846700e-05,6.477775749933254021e-05,7.391532949488321383e-05,8.346270051175095012e-05,9.342188719871626578e-05,1.037930201629728408e-04,1.145740962879520492e-04,1.257607230122670427e-04,1.373458563619963236e-04,1.493195347335879463e-04,1.616686106240313033e-04,1.743764826961860938e-04,1.874228307477702939e-04,2.007833563199324409e-04,2.144295318329924433e-04,2.283283612702493117e-04,2.424421555431663399e-04,2.567283257602550467e-04,2.711391976852047881e-04,2.856218507049314206e-04,3.001179846331277715e-04,3.145638176476380356e-04,3.288900185988207566e-04,3.430216768295247121e-04,3.568783125141911008e-04,3.703739303540242475e-04,3.834171192566095706e-04,3.959112003816232794e-04,4.077544256496150278e-04,4.188402284888764412e-04,4.290575282372359033e-04,4.382910892227622032e-04,4.464219351218033020e-04,4.533278187370241461e-04,4.588837468550099560e-04,4.629625593360438751e-04,4.654355610616214703e-04,4.661732048224769692e-04,4.650458226760555104e-04,4.619244027425658096e-04,4.566814078484839490e-04,4.491916318713742233e-04,4.393330890962708645e-04,4.269879313678240471e-04,4.120433873204664560e-04,3.943927174974780174e-04,3.739361787356624525e-04,3.505819908018634429e-04,3.242472979272609333e-04,2.948591176014491583e-04,2.623552687667727581e-04,2.266852713998095700e-04,1.878112093865319521e-04,1.457085485951031096e-04,1.003669021296715776e-04,5.179073491317113479e-05,0.000000000000000000e+00
0.000000000000000000e+00,5.428996582753388073e-06,1.118125479049263066e-05,1.726601292882335651e-05,2.369230703611762307e-05,3.046884947816824160e-05,3.760389333266897987e-05,4.510508259655474084e-05,5.297928840679540962e-05,6.123243163258179438e-05,6.986929237288340899e-05,7.889330707684824812e-05,8.830635419404837664e-05,9.810852945558631020e-05,1.082979120838556636e-04,1.188703234264365982e-04,1.298190797062190132e-04,1.411347407732768742e-04,1.528048569320577935e-04,1.648137160978132448e-04,1.771420937065010335e-04,1.897670079602504069e-04,2.026614831334396438e-04,2.157943237900850769e-04,2.291299028691511682e-04,2.426279666782232608e-04,2.562434598954793576e-04,2.699263737128843998e-04,2.836216202580110909e-04,2.972689364060242820e-04,3.108028200355363794e-04,3.241525016908301240e-04,3.372419544872659234e-04,3.499899449356748318e-04,3.623101271647096626e-04,3.741111827873188061e-04,3.852970083889218755e-04,3.957669523111500003e-04,4.054161020671365038e-04,4.141356233537992881e-04,4.218131512251870443e-04,4.283332335611135175e-04,4.335778265097212179e-04,4.374268411045082903e-04,4.397587397593625451e-04,4.404511808332686219e-04,4.393817089341125050e-04,4.364284881031027389e-04,4.314710744930250869e-04,4.243912246301615680e-04,4.150737348370755358e-04,4.034073068973717687e-04,3.892854345701722845e-04,3.726073051174616838e-04,3.532787095979478937e-04,3.312129553127278491e-04,3.063317734669888806e-04,2.785662148440256562e-04,2.478575260787059162e-04,2.141579989724094084e-04,1.774317852153610236e-04,1.376556688794960709e-04,9.481978911947305496e-05,4.892830567429248096e-05,0.000000000000000000e+00
0.000000000000000000e+00,5.117682823736073525e-06,1.054007546639340598e-05,1.627586974949318636e-05,2.233356524596133238e-05,2.872135492830682241e-05,3.544699744580363137e-05,4.251767606251237545e-05,4.993984443630007056e-05,5.771905957653899512e-05,6.585980248386316791e-05,7.436528714805686188e-05,8.323725875851829077e-05,9.247578216431309294e-05,1.020790218059883806e-04,1.120430145273185277e-04,1.223614368601220548e-04,1.330253685572503326e-04,1.440230543257215877e-04,1.553396658815999387e-04,1.669570666083789628e-04,1.788535812490513080e-04,1.910037731964440457e-04,2.033782320644974368e-04,2.159433743226815369e-04,2.286612598544792005e-04,2.414894273567055839e-04,2.543807515273217249e-04,2.672833249934788470e-04,2.801403679070608933e-04,2.928901680804527909e-04,3.054660544493378936e-04,3.177964065309861388e-04,3.298047023949171336e-04,3.414096074775899159e-04,3.525251063536891647e-04,3.630606793238871921e-04,3.729215253932154951e-04,3.820088328963521266e-04,3.902200986775762430e-04,3.974494963556239970e-04,4.035882937993924471e-04,4.085253195119672000e-04,4.121474771708053333e-04,4.143403071045138235e-04,4.149885930052924182e-04,4.139770116849751419e-04,4.111908231861806503e-04,4.065165980632384681e-04,3.998429781553879299e-04,3.910614666926229169e-04,3.800672431080272988e-04,3.667599974852190194e-04,3.510447791513836660e-04,3.328328535411607925e-04,3.120425611101342186e-04,2.886001717745945703e-04,2.624407281020639526e-04,2.335088702801751286e-04,2.017596357547688207e-04,1.671592263562096854e-04,1.296857357299723229e-04,8.932982995722956788e-05,4.609537439639111903e-05,0.000000000000000000e+00
0.000000000000000000e+00,4.810211849010130741e-06,9.906812777331321844e-06,1.529795716120222216e-05,2.099161723965946541e-05,2.699547571654163747e-05,3.331680581697859156e-05,3.996233882892525903e-05,4.693811929952495398e-05,5.424934820394210184e-05,6.190021455981787029e-05,6.989371612257535931e-05,7.823146996418370237e-05,8.691351390930538259e-05,9.593809997647602026e-05,1.053014811464701055e-04,1.149976929535269132e-04,1.250183315657940142e-04,1.353523301872401130e-04,1.459857357723722069e-04,1.569014881952717053e-04,1.680792041536296176e-04,1.794949682144454531e-04,1.911211335187433589e-04,2.029261347559041637e-04,2.148743160919545480e-04,2.269257767884097726e-04,2.390362372771228966e-04,2.511569284602819564e-04,2.632345069816275176e-04,2.752109991636709249e-04,2.870237762249893613e-04,2.986055632805464108e-04,3.098844844857249385e-04,3.207841465109135463e-04,3.312237623279327774e-04,3.411183170525071960e-04,3.503787773189369044e-04,3.589123453649893420e-04,3.666227586781012327e-04,3.734106356999061446e-04,3.791738677069366945e-04,3.838080565835189258e-04,3.872069977812044126e-04,3.892632073207814088e-04,3.898684912414956982e-04,3.889145554415604457e-04,3.862936533885172373e-04,3.818992687121045937e-04,3.756268292307531260e-04,3.673744485107240131e-04,3.570436906193781763e-04,3.445403533165446999e-04,3.297752645357630657e-04,3.126650866458818780e-04,2.931331226584306133e-04,2.711101182627720504e-04,2.465350533343929292e-04,2.193559163768452449e-04,1.895304552293959372e-04,1.570268973047831264e-04,1.218246326184107859e-04,8.391485293531743684e-05,4.330114049707969328e-05,0.000000000000000000e+00
0.000000000000000000e+00,4.507542574003870201e-06,9.283441542853058793e-06,1.433532438768679914e-05,1.967064660952157510e-05,2.529659116461248095e-05,3.121995616375195561e-05,3.744703086471861352e-05,4.398346011738855520e-05,5.083409755938622350e-05,5.800284800567582989e-05,6.549249962714342533e-05,7.330454666982822191e-05,8.143900362673372377e-05,8.989421193666930843e-05,9.866664044780177321e-05,1.077506810458972388e-04,1.171384410068641537e-04,1.268195337883463081e-04,1.367808701238624493e-04,1.470064514234073710e-04,1.574771676145152546e-04,1.681706016755490484e-04,1.790608432164115540e-04,1.901183135489886646e-04,2.013096047584980199e-04,2.125973353356832370e-04,2.239400249566563710e-04,2.352919910005398429e-04,2.466032693733546466e-04,2.578195621585285553e-04,2.688822145388090456e-04,2.797282233303401448e-04,2.902902793365235443e-04,3.004968455666294958e-04,3.102722731718134033e-04,3.195369567294395257e-04,3.282075302558834290e-04,3.361971050491713948e-04,3.434155501570625569e-04,3.497698159350826736e-04,3.551643008044557152e-04,3.595012609441541147e-04,3.626812622570108188e-04,3.646036735400189164e-04,3.651671993669002221e-04,3.642704507603999062e-04,3.618125512965401957e-04,3.576937758474521122e-04,3.518162187378771162e-04,3.440844876677225366e-04,3.344064193439565688e-04,3.226938123747113193e-04,3.088631726117441125e-04,2.928364657895043380e-04,2.745418720050483551e-04,2.539145363179225764e-04,2.308973095277288147e-04,2.054414730140650914e-04,1.775074414032251483e-04,1.470654367625273109e-04,1.140961280200034522e-04,7.859122936765162851e-05,4.055405153312645149e-05,0.000000000000000000e+00
0.000000000000000000e+00,4.210554796058482437e-06,8.671773622158032583e-06,1.339076897662450710e-05,1.837449153492035466e-05,2.362963627897386552e-05,2.916253768176201507e-05,3.497905397495556617e-05,4.108444064899958369e-05,4.748321346408397337e-05,5.417900138620886704e-05,6.117439000400514543e-05,6.847075612804159460e-05,7.606809442382535735e-05,8.396483708126684889e-05,9.215766767559142891e-05,1.006413305260121463e-04,1.094084370073122886e-04,1.184492704141114626e-04,1.277515911162513016e-04,1.373004438746104107e-04,1.470779693078938391e-04,1.570632216106733177e-04,1.672319947193095244e-04,1.775566592035256338e-04,1.880060122255160660e-04,1.985451429538327760e-04,2.091353158442440380e-04,2.197338742027691531e-04,2.302941664257574265e-04,2.407654972669550329e-04,2.510931064109318540e-04,2.612181765351679046e-04,2.710778729188855515e-04,2.806054165049994497e-04,2.897301921422079391e-04,2.983778935274546693e-04,3.064707061352153891e-04,3.139275291601019446e-04,3.206642372142335718e-04,3.265939822121599351e-04,3.316275355456037690e-04,3.356736703000466789e-04,3.386395828976743096e-04,3.404313531691902160e-04,3.409544414636350457e-04,3.401142210039619605e-04,3.378165432904678498e-04,3.339683339481385902e-04,3.284782160117662489e-04,3.212571572486671895e-04,3.122191377375152684e-04,3.012818335578654498e-04,2.883673121030734055e-04,2.734027342143132712e-04,2.563210580499291225e-04,2.370617393571348140e-04,2.155714226065651802e-04,1.918046172887414799e-04,1.657243535591799673e-04,1.373028113594499842e-04,1.065219171383127559e-04,7.337390235316258562e-05,3.786181804976518448e-05,0.000000000000000000e+00
0.000000000000000000e+00,3.920050326868105828e-06,8.073460249114907625e-06,1.246684041229305166e-05,1.710664975282940269e-05,2.199910816481779122e-05,2.715009899336115235e-05,3.256506138082037959e-05,3.824887260537005205e-05,4.420572067128722827e-05,5.043896753661834950e-05,5.695100349538382320e-05,6.374309336727627484e-05,7.081521528676147312e-05,7.816589302437304510e-05,8.579202291446722027e-05,9.368869660435039006e-05,1.018490209780034260e-04,1.102639367420190204e-04,1.189220372902013062e-04,1.278093895848639305e-04,1.369093589054816960e-04,1.462024394172631086e-04,1.556660926016901743e-04,1.652745956663936009e-04,1.749989021112321444e-04,1.848065166695056060e-04,1.946613868663291450e-04,2.045238134388941711e-04,2.143503818443519336e-04,2.240939170392153951e-04,2.337034636485065594e-04,2.431242935525832817e-04,2.522979428040824854e-04,2.611622796463655303e-04,2.696516052381333576e-04,2.776967884966769873e-04,2.852254362549572425e-04,2.921620996861257267e-04,2.984285176842235016e-04,3.039438976029790727e-04,3.086252334475204093e-04,3.123876612884033386e-04,3.151448513258962294e-04,3.168094356775567845e-04,3.172934705966563829e-04,3.165089314561202009e-04,3.143682384557527931e-04,3.107848106333210327e-04,3.056736453863665402e-04,2.989519203455636397e-04,2.905396140861443255e-04,2.803601418257727030e-04,2.683410019395901015e-04,2.544144288304305912e-04,2.385180474287777112e-04,2.205955243672429568e-04,2.005972106823582820e-04,1.784807707463423039e-04,1.542117920269518000e-04,1.277643702181307747e-04,9.912166428098609545e-05,6.827641598649317146e-05,3.523142866047916454e-05,0.000000000000000000e+00
0.000000000000000000e+00,3.636754211490601145e-06,7.489994545429592538e-06,1.156584400295848515e-05,1.587028390463402996e-05,2.040907292282865128e-05,2.518765669028476620e-05,3.021106800969213920e-05,3.548381779391112062e-05,4.100977697768424482e-05,4.679204975862799923e-05,5.283283864714629464e-05,5.913330193071459950e-05,6.569340428670789414e-05,7.251176140844699095e-05,7.958547964018010336e-05,8.690999174697961480e-05,9.447889007362655033e-05,1.022837584710032039e-04,1.103140044878096206e-04,1.185566934379856703e-04,1.269963860584778174e-04,1.356149815663173141e-04,1.443915680067825121e-04,1.533022818541054206e-04,1.623201788812114700e-04,1.714151183538543434e-04,1.805536626258134761e-04,1.896989942142392823e-04,1.988108524165581043e-04,2.078454914915193173e-04,2.167556623660744854e-04,2.254906197460852454e-04,2.339961564018346128e-04,2.422146662686292255e-04,2.500852378483492400e-04,2.575437792197642311e-04,2.645231757642116312e-04,2.709534814894954563e-04,2.767621445895819023e-04,2.818742676120688357e-04,2.862129023210439904e-04,2.896993790416281956e-04,2.922536699563482872e-04,2.937947854948710241e-04,2.942412026202590489e-04,2.935113234696514438e-04,2.915239624583360859e-04,2.881988596069312439e-04,2.834572175054230489e-04,2.772222589888539458e-04,2.694198022714410835e-04,2.599788499727901867e-04,2.488321881757284636e-04,2.359169913842087713e-04,2.211754290057569130e-04,2.045552687700995557e-04,1.860104723177302992e-04,1.655017780530445995e-04,1.429972662597127234e-04,1.184729014244911220e-04,9.191304671252697978e-05,6.331094558501323261e-05,3.266916565087447537e-05,0.000000000000000000e+00
0.000000000000000000e+00,3.361316064048835415e-06,6.922714273983341106e-06,1.068984513872417819e-05,1.466822739050542970e-05,1.886317319739462011e-05,2.327970467841506848e-05,2.792246174462495196e-05,3.279560138622199001e-05,3.790268862842179309e-05,4.324657948681957190e-05,4.882929636542357877e-05,5.465189645667367326e-05,6.071433382156795814e-05,6.701531594846213023e-05,7.355215571003761326e-05,8.032061975814138973e-05,8.731477451438979535e-05,9.452683102925164838e-05,1.019469900923784881e-04,1.095632890807904549e-04,1.173614521276836436e-04,1.253247452816195757e-04,1.334338384022050775e-04,1.416666756026147955e-04,1.499983561000138251e-04,1.584010273707377192e-04,1.668437925266715016e-04,1.752926338314242914e-04,1.837103542585143297e-04,1.920565389578793487e-04,2.002875384407707044e-04,2.083564752158038099e-04,2.162132755101299941e-04,2.238047275890632450e-04,2.310745680449615769e-04,2.379635972618631746e-04,2.444098250766896523e-04,2.503486474513883018e-04,2.557130547440678091e-04,2.604338719221432831e-04,2.644400307981539127e-04,2.676588740909440932e-04,2.700164908232338202e-04,2.714380822634722239e-04,2.718483573077121618e-04,2.711719558787668285e-04,2.693338985980141048e-04,2.662600606630561098e-04,2.618776675452741442e-04,2.561158098086577500e-04,2.489059740486705002e-04,2.401825866610626911e-04,2.298835668791642504e-04,2.179508852680871471e-04,2.043311236391347164e-04,1.889760321512994057e-04,1.718430792025427188e-04,1.528959895850839131e-04,1.321052662893459711e-04,1.094486912935667557e-04,8.491180067299985274e-05,5.848832940654065914e-05,3.018062135139898850e-05,0.000000000000000000e+00
0.000000000000000000e+00,3.094311544344242357e-06,6.372804882214942999e-06,9.840673996825685787e-06,1.350299083691997047e-05,1.736463651196294743e-05,2.143022449196176635e-05,2.570401583373780723e-05,3.018982654441415838e-05,3.489092728730143483e-05,3.980993573463688156e-05,4.494870197505091992e-05,5.030818749040063967e-05,5.588833832583585030e-05,6.168795318768455183e-05,6.770454731490670793e-05,7.393421308035440047e-05,8.037147838670322337e-05,8.700916402744354413e-05,9.383824128445192336e-05,1.008476911290750501e-04,1.080243664820045550e-04,1.153528590671327271e-04,1.228153724647052056e-04,1.303916030280745700e-04,1.380586303749069895e-04,1.457908191965295115e-04,1.535597341470449663e-04,1.613340695757516650e-04,1.690795958512859940e-04,1.767591239928443863e-04,1.843324902720782212e-04,1.917565623781642044e-04,1.989852686476948219e-04,2.059696517501180871e-04,2.126579480884222982e-04,2.189956940237352504e-04,2.249258598618313195e-04,2.303890123498011195e-04,2.353235062231460941e-04,2.396657051183686583e-04,2.433502319250417591e-04,2.463102483958938787e-04,2.484777635654502204e-04,2.497839702492089418e-04,2.501596086085144575e-04,2.495353554736450419e-04,2.478422378218618299e-04,2.450120685111440962e-04,2.409779020770647052e-04,2.356745081129667208e-04,2.290388594755165391e-04,2.210106322922855866e-04,2.115327144986124631e-04,2.005517194011518611e-04,1.880185005585883681e-04,1.738886640894445404e-04,1.581230743659573521e-04,1.406883489348450807e-04,1.215573384233599485e-04,1.007095871450952530e-04,7.813177011703974738e-05,5.381810223953462682e-05,2.777071547587146757e-05,0.000000000000000000e+00
0.000000000000000000e+00,2.836243993909107621e-06,5.841302873694500128e-06,9.019930753256354404e-06,1.237676925808225526e-05,1.591628449532634968e-05,1.964269670504634223e-05,2.355990261288410599e-05,2.767139058591831070e-05,3.198014877987271482e-05,3.648856655675717731e-05,4.119832954670355250e-05,4.611030882550202012e-05,5.122444477933386339e-05,5.653962632954826579e-05,6.205356629208146177e-05,6.776267374724264086e-05,7.366192439500700404e-05,7.974472996752301980e-05,8.600280786308310533e-05,9.242605225310527054e-05,9.900240799449723473e-05,1.057177487528762334e-04,1.125557608062517070e-04,1.194978340527195197e-04,1.265229617882640545e-04,1.336076508507610592e-04,1.407258437426348334e-04,1.478488543463144628e-04,1.549453188327377462e-04,1.619811633328383091e-04,1.689195898945257640e-04,1.757210821825569229e-04,1.823434322954983202e-04,1.887417899724392440e-04,1.948687353421589140e-04,2.006743762292173192e-04,2.061064708752224212e-04,2.111105767598806351e-04,2.156302260160923915e-04,2.196071277272762382e-04,2.229813971744945447e-04,2.256918118672097766e-04,2.276760939462694447e-04,2.288712182928417135e-04,2.292137454145827904e-04,2.286401779125529147e-04,2.270873390617772470e-04,2.244927717674883411e-04,2.207951558907541656e-04,2.159347416743141236e-04,2.098537967450011632e-04,2.024970639262414936e-04,1.938122268659107624e-04,1.837503802744696224e-04,1.722665013789292530e-04,1.593199190329241412e-04,1.448747767849753139e-04,1.289004860988277913e-04,1.113721658442153582e-04,9.227106413609446390e-05,7.158495859752744437e-05,4.930853115799370352e-05,2.544371357659497556e-05,0.000000000000000000e+00
0.000000000000000000e+00,2.587546244588285385e-06,5.329099534843575932e-06,8.228991342331613869e-06,1.129144996831661753e-05,1.452054307217867451e-05,1.792011353112970596e-05,2.149370864997960130e-05,2.524450281393623676e-05,2.917521375622001101e-05,3.328801269511182489e-05,3.758442868134129737e-05,4.206524758579403427e-05,4.673040624862931548e-05,5.157888240324856680e-05,5.660858108126158990e-05,6.181621829672822026e-05,6.719720289852098313e-05,7.274551756761983405e-05,7.845360002044099597e-05,8.431222555881221685e-05,9.031039218081136628e-05,9.643520953324758534e-05,1.026717930449556394e-04,1.090031646291730189e-04,1.154101613819822351e-04,1.218713537310852073e-04,1.283629745040270362e-04,1.348588603864774114e-04,1.413304072284718134e-04,1.477465406288471417e-04,1.540737031848567922e-04,1.602758597345957771e-04,1.663145218440306955e-04,1.721487926978964786e-04,1.777354334444253628e-04,1.830289519179133738e-04,1.879817145208213770e-04,1.925440818889095310e-04,1.966645687895102418e-04,2.002900285153309606e-04,2.033658618352226827e-04,2.058362503504490430e-04,2.076444138816262023e-04,2.087328912793601774e-04,2.090438438125793638e-04,2.085193800446812453e-04,2.071019008611384887e-04,2.047344630655107767e-04,2.013611597164184750e-04,1.969275151385953618e-04,1.913808923093873228e-04,1.846709101008292314e-04,1.767498676495531411e-04,1.675731729351626531e-04,1.570997724751832471e-04,1.452925788941145200e-04,1.321188929981815564e-04,1.175508168887489437e-04,1.015656545784806870e-04,8.414629653750600713e-05,6.528158459412392348e-05,4.496665364778612811e-05,2.320324672271173712e-05,0.000000000000000000e+00
0.000000000000000000e+00,2.348582607610745442e-06,4.836945033193059560e-06,7.469013789494644289e-06,1.024862128013043769e-05,1.317945366254124942e-05,1.626499266528745851e-05,1.950845137690709381e-05,2.291270409088547579e-05,2.648021036273730434e-05,3.021293351031657839e-05,3.411225386670959048e-05,3.817887717582358747e-05,4.241273860339037636e-05,4.681290291982373913e-05,5.137746149541068603e-05,5.610342683182983751e-05,6.098662543608152119e-05,6.602158992264053265e-05,7.120145130603538759e-05,7.651783251810713178e-05,8.196074425089656967e-05,8.751848428641463855e-05,9.317754152744462347e-05,9.892250598799347402e-05,1.047359860370622822e-04,1.105985342140937519e-04,1.164885829478721845e-04,1.223823915119644039e-04,1.282540055382220168e-04,1.340752303847530429e-04,1.398156196155268035e-04,1.454424797949384742e-04,1.509208927318941038e-04,1.562137562240747241e-04,1.612818442539478553e-04,1.660838874739159997e-04,1.705766746889871076e-04,1.747151759019642016e-04,1.784526873289933135e-04,1.817409986231773467e-04,1.845305823618375966e-04,1.867708056600624565e-04,1.884101635707516363e-04,1.893965337209959070e-04,1.896774514180134502e-04,1.892004042368592277e-04,1.879131448787693020e-04,1.857640208654370558e-04,1.827023194130498562e-04,1.786786256129285809e-04,1.736451918355879373e-04,1.675563160745368707e-04,1.603687267577353520e-04,1.520419713809492593e-04,1.425388061608610446e-04,1.318255837692896280e-04,1.198726360956903962e-04,1.066546488956620422e-04,9.215102512067858736e-05,7.634623369081050819e-05,5.923014046962022966e-05,4.079831823040145359e-05,2.105233246680199435e-05,0.000000000000000000e+00
0.000000000000000000e+00,2.119651046327217603e-06,4.365452893719394476e-06,6.740945127460444595e-06,9.249582001798931387e-06,1.189468540786251239e-05,1.467939239129131373e-05,1.760659723531780120e-05,2.067888818572669512e-05,2.389847895856131950e-05,2.726713523917344845e-05,3.078609645175865505e-05,3.445599315133187973e-05,3.827676046457166229e-05,4.224754808143821609e-05,4.636662737522923076e-05,5.063129630401907793e-05,5.503778282041993191e-05,5.958114758846237724e-05,6.425518687523952663e-05,6.905233654988919643e-05,7.396357818258547775e-05,7.897834829054648398e-05,8.408445182571547629e-05,8.926798103882379698e-05,9.451324088610806560e-05,9.980268216717037150e-05,1.051168435945303324e-04,1.104343039965611394e-04,1.157316458450425195e-04,1.209834312758880390e-04,1.261621917362023301e-04,1.312384323422608075e-04,1.361806519709983076e-04,1.409553800319433955e-04,1.455272307771981913e-04,1.498589759041376397e-04,1.539116360892150027e-04,1.576445919620140179e-04,1.610157148870423340e-04,1.639815177674152605e-04,1.664973259204474655e-04,1.685174679012713301e-04,1.699954859681775793e-04,1.708843656937821399e-04,1.711367840309121699e-04,1.707053749429388923e-04,1.695430115070005114e-04,1.676031031970900888e-04,1.648399068543961133e-04,1.612088496567376592e-04,1.566668622096595114e-04,1.511727197010554065e-04,1.446873888913855443e-04,1.371743785550162437e-04,1.286000908472513071e-04,1.189341709485653315e-04,1.081498522346043364e-04,9.622429413985260349e-05,8.313890982646639346e-05,6.887968073954806698e-05,5.343745512772529900e-05,3.680822763482437173e-05,1.899339712588414460e-05,0.000000000000000000e+00
0.000000000000000000e+00,1.900985531383491645e-06,3.915104850726044901e-06,6.045528891789792848e-06,8.295351729113734437e-06,1.066754841690924774e-05,1.316492794501665350e-05,1.579008132617667503e-05,1.854532488327286475e-05,2.143263886293977812e-05,2.445360156262356142e-05,2.760931922139204945e-05,3.090035199003101361e-05,3.432663636268825546e-05,3.788740451994650253e-05,4.158110110107631635e-05,4.540529799065723843e-05,4.935660777103643992e-05,5.343059655645800203e-05,5.762169698635779175e-05,6.192312221347006697e-05,6.632678177620780421e-05,7.082320029343135907e-05,7.540143996238128361e-05,8.004902787640222838e-05,8.475188920733077599e-05,8.949428731729169710e-05,9.425877187541932545e-05,9.902613605601431142e-05,1.037753838852456827e-04,1.084837087831678842e-04,1.131264843160798629e-04,1.176772681307306498e-04,1.221078199863071141e-04,1.263881347323564668e-04,1.304864910007596330e-04,1.343695162876603971e-04,1.380022689970867016e-04,1.413483379022271297e-04,1.443699593534457370e-04,1.470281524247767958e-04,1.492828720436231965e-04,1.510931799926417882e-04,1.524174335094085882e-04,1.532134910396618923e-04,1.534389345250877573e-04,1.530513074282446135e-04,1.520083675169519558e-04,1.502683532500397393e-04,1.477902624276025093e-04,1.445341415937726858e-04,1.404613845105066416e-04,1.355350378590365124e-04,1.297201121735544872e-04,1.229838958714806352e-04,1.152962701183974731e-04,1.066300221554918244e-04,9.696115462510622571e-05,8.626918835770485067e-05,7.453745603299899631e-05,6.175338410083467831e-05,4.790876034521746122e-05,3.299998449888343787e-05,1.702829936719584165e-05,0.000000000000000000e+00
0.000000000000000000e+00,1.692758573095388917e-06,3.486256064493750593e-06,5.383313179259773397e-06,7.386681908486085056e-06,9.499008002141467248e-06,1.172278909804203980e-05,1.406032851976105962e-05,1.651368480470208984e-05,1.908461707493554798e-05,2.177452641740000884e-05,2.458439349630895925e-05,2.751471267864660780e-05,3.056542301299698878e-05,3.373583646210605628e-05,3.702456384994988817e-05,4.042943904406934503e-05,4.394744195288588647e-05,4.757462097495960640e-05,5.130601559199060254e-05,5.513557984907778339e-05,5.905610751360446293e-05,6.305915974737935376e-05,6.713499616458729979e-05,7.127251017997383344e-05,7.545916957678654266e-05,7.968096324164873905e-05,8.392235502309647929e-05,8.816624567136764428e-05,9.239394380864637032e-05,9.658514686084791615e-05,1.007179328537721931e-04,1.047687639377213202e-04,1.087125024552296567e-04,1.125224403062492155e-04,1.161703422939306746e-04,1.196265040521108508e-04,1.228598250629627854e-04,1.258378971702814070e-04,1.285271088810341507e-04,1.308927656256453679e-04,1.328992260167370805e-04,1.345100540075323445e-04,1.356881867058240250e-04,1.363961174484026200e-04,1.365960935853598440e-04,1.362503282650548463e-04,1.353212253502183451e-04,1.337716164352088170e-04,1.315650087754695731e-04,1.286658427844889819e-04,1.250397576028052177e-04,1.206538630996593003e-04,1.154770165326403207e-04,1.094801019659517161e-04,1.026363104356153763e-04,9.492141875186232243e-05,8.631406474689516965e-05,7.679601671187292144e-05,6.635243472195722118e-05,5.497212152406675786e-05,4.264776065994599423e-05,2.937613951846073366e-05,1.515835505664788027e-05,0.000000000000000000e+00
0.000000000000000000e+00,1.495083922208210867e-06,3.079140684544980226e-06,4.754659241009455680e-06,6.524067632977806615e-06,8.389699857191963204e-06,1.035375890055690750e-05,1.241827595316606301e-05,1.458506585370224879e-05,1.685567886670650555e-05,1.923134893886693935e-05,2.171293863111382105e-05,2.430088097453003207e-05,2.699511855047079939e-05,2.979504014836894185e-05,3.269941540797604321e-05,3.570632790571940258e-05,3.881310719687102486e-05,4.201626037573113375e-05,4.531140376440936517e-05,4.869319538640618780e-05,5.215526892340871312e-05,5.569016989187133365e-05,5.928929480939814712e-05,6.294283414904602771e-05,6.663971990179415274e-05,7.036757858298027198e-05,7.411269052691495649e-05,7.785995631462070115e-05,8.159287117222214396e-05,8.529350816151084753e-05,8.894251095925283061e-05,9.251909698761933787e-05,9.600107161447612688e-05,9.936485408904534365e-05,1.025855158156213301e-04,1.056368314956399360e-04,1.084913435866439335e-04,1.111204404358290363e-04,1.134944483462888817e-04,1.155827377263074301e-04,1.173538433566932368e-04,1.187755986889547216e-04,1.198152839589237885e-04,1.204397877672244352e-04,1.206157816408183508e-04,1.203099069499281528e-04,1.194889734132111524e-04,1.181201682825091983e-04,1.161712751582620026e-04,1.136109012492766154e-04,1.104087117575433969e-04,1.065356699418111423e-04,1.019642812942931715e-04,9.666884015485261990e-05,9.062567698791241882e-05,8.381340446080350482e-05,7.621316038984121645e-05,6.780884556363519480e-05,5.858735441338810257e-05,4.853879647855593516e-05,3.765670661439106355e-05,2.593824190663229345e-05,1.338436329878739482e-05,0.000000000000000000e+00
0.000000000000000000e+00,1.308019427073030196e-06,2.693877734881161246e-06,4.159750572425893485e-06,5.707760119100358660e-06,7.339946108423980424e-06,9.058233500932480698e-06,1.086439681629423807e-05,1.276002117208378675e-05,1.474646011628919476e-05,1.682479038229904529e-05,1.899576373850780033e-05,2.125975614945911155e-05,2.361671451124134361e-05,2.606610127025231325e-05,2.860683728101873159e-05,3.123724330502123720e-05,3.395498059794053520e-05,3.675699107688376707e-05,3.963943760143271507e-05,4.259764494222267309e-05,4.562604204764819329e-05,4.871810625263074110e-05,5.186631010260704617e-05,5.506207149044382301e-05,5.829570782331104152e-05,6.155639495012476072e-05,6.483213158750627755e-05,6.810970998282900584e-05,7.137469354642418694e-05,7.461140217100990834e-05,7.780290593458381811e-05,8.093102785312081228e-05,8.397635631125800195e-05,8.691826775262102931e-05,8.973496015651675833e-05,9.240349776444797586e-05,9.489986744844188069e-05,9.719904703376931049e-05,9.927508580160955174e-05,1.011011973030226271e-04,1.026498645147767006e-04,1.038929572607812904e-04,1.048018617108480643e-04,1.053476216520788733e-04,1.055010911083129158e-04,1.052330977607738552e-04,1.045146164994606219e-04,1.033169523111269946e-04,1.016119315871356394e-04,9.937210081439883135e-05,9.657093149638304409e-05,9.318303004017769410e-05,8.918435124133024282e-05,8.455241390198276906e-05,7.926651703122589393e-05,7.330795500094293101e-05,6.666022996710459247e-05,5.930925981682057561e-05,5.124357986668558987e-05,4.245453651923595699e-05,3.293647108267347802e-05,2.268689197535237058e-05,1.170663357159113390e-05,0.000000000000000000e+00
0.000000000000000000e+00,1.131570032558938008e-06,2.330477290964610819e-06,3.598602453112659671e-06,4.937779800396793395e-06,6.349772158343336097e-06,7.836242940571228803e-06,9.398725304852839993e-06,1.103858846235371369e-05,1.275700121540751842e-05,1.455489283520841302e-05,1.643291142831851338e-05,1.839137997960198982e-05,2.043025029878649105e-05,2.254905513796601484e-05,2.474685878761403014e-05,2.702220649866788281e-05,2.937307311754280395e-05,3.179681135908817659e-05,3.429010017904278749e-05,3.684889374200018387e-05,3.946837151277210671e-05,4.214289002784777206e-05,4.486593692889511592e-05,4.763008786145859699e-05,5.042696685869978645e-05,5.324721084175315514e-05,5.608043887459487409e-05,5.891522681185186656e-05,6.173908797234425264e-05,6.453846045903596958e-05,6.729870172719235012e-05,7.000409097668845206e-05,7.263783991141940224e-05,7.518211236853850510e-05,7.761805327276388700e-05,7.992582731630270935e-05,8.208466770316932078e-05,8.407293522803027685e-05,8.586818788449315895e-05,8.744726111634495459e-05,8.878635873811066917e-05,8.986115445900386795e-05,9.064690384751484392e-05,9.111856647326677658e-05,9.125093785917340133e-05,9.101879077124224436e-05,9.039702526655320853e-05,8.936082681303187021e-05,8.788583168872105575e-05,8.594829876447634531e-05,8.352528667355712318e-05,8.059483527566695940e-05,7.713615023285453265e-05,7.312978943156461711e-05,6.855784991025816661e-05,6.340415388663301482e-05,5.765443242373905592e-05,5.129650523135145693e-05,4.432045506888963735e-05,3.671879519996261643e-05,2.848662834715768254e-05,1.962179560977364386e-05,1.012501383747115080e-05,0.000000000000000000e+00
0.000000000000000000e+00,9.656909037448876099e-07,1.988846913531721277e-06,3.071071883050710895e-06,4.213929963902826120e-06,5.418924225895269787e-06,6.687472806933926413e-06,8.020882600049744686e-06,9.420320512650399452e-06,1.088678236232688258e-05,1.242105950427256591e-05,1.402370331737019845e-05,1.569498770902086397e-05,1.743486983255333229e-05,1.924294924526259021e-05,2.111842576945617371e-05,2.306005635299107317e-05,2.506611125929557966e-05,2.713432994940449008e-05,2.926187704969721422e-05,3.144529882840449366e-05,3.368048063112866962e-05,3.596260575018224518e-05,3.828611622407389564e-05,4.064467608154768535e-05,4.303113755880634789e-05,4.543751082853908122e-05,4.785493778475878959e-05,5.027367042789460810e-05,5.268305438977103809e-05,5.507151812776153569e-05,5.742656830129839714e-05,5.973479182186436419e-05,6.198186503944983568e-05,6.415257049415033861e-05,6.623082162108177926e-05,6.819969575014848181e-05,7.004147568952120940e-05,7.173770012314578605e-05,7.326922298846516904e-05,7.461628193111655995e-05,7.575857585906731521e-05,7.667535153995063942e-05,7.734549910280275975e-05,7.774765621961289596e-05,7.786032065376482841e-05,7.766197077233358672e-05,7.713119352812644386e-05,7.624681932620006736e-05,7.498806309927776373e-05,7.333467082800311781e-05,7.126707065631328634e-05,6.876652767042784511e-05,6.581530133308565996e-05,6.239680449377981114e-05,5.849576283189741643e-05,5.409837353390407373e-05,4.919246195903056448e-05,4.376763501129649211e-05,3.781542991004414476e-05,3.132945703731521776e-05,2.430553553913109943e-05,1.674182036972059553e-05,8.638919493521215665e-06,0.000000000000000000e+00
0.000000000000000000e+00,8.102906555904990454e-07,1.668798300526674275e-06,2.576867855200376040e-06,3.535810847545527920e-06,4.546887478347398000e-06,5.611286614906849462e-06,6.730103719418998179e-06,7.904316741536772744e-06,9.134760029111682074e-06,1.042209633687512222e-05,1.176678703965843665e-05,1.316906068444057142e-05,1.462888004382721953e-05,1.614590786225359045e-05,1.771947151499069496e-05,1.934852682863259028e-05,2.103162133984149161e-05,2.276685729640705330e-05,2.455185473080277996e-05,2.638371496105200261e-05,2.825898489650172243e-05,3.017362254669172912e-05,3.212296414954934410e-05,3.410169335029127492e-05,3.610381287433531042e-05,3.812261914589344799e-05,4.015068030842622456e-05,4.217981810349953332e-05,4.420109406054098495e-05,4.620480044131264450e-05,4.818045636940463121e-05,5.011680955655396091e-05,5.200184401399015292e-05,5.382279410823541431e-05,5.556616528682776601e-05,5.721776176032142508e-05,5.876272138274713441e-05,6.018555792363269565e-05,6.147021087090344068e-05,6.260010284577637322e-05,6.355820464846588828e-05,6.432710788752977061e-05,6.488910507646625388e-05,6.522627700924167799e-05,6.532058715237000956e-05,6.515398271561075483e-05,6.470850198699396939e-05,6.396638744145376079e-05,6.291020405663471380e-05,6.152296219524753488e-05,5.978824434153390797e-05,5.769033491082827577e-05,5.521435228675506909e-05,5.234638218116915461e-05,4.907361135840978145e-05,4.538446071867768372e-05,4.126871669619361534e-05,3.671765989708023148e-05,3.172418988038057359e-05,2.628294497400552292e-05,2.039041601631965935e-05,1.404505292410132496e-05,7.247363009208997991e-06,0.000000000000000000e+00
0.000000000000000000e+00,6.652346683625105940e-07,1.370054115515551382e-06,2.115561900271451173e-06,2.902834110337168069e-06,3.732904641491878890e-06,4.606748776847080581e-06,5.525265071435210919e-06,6.489255566340046278e-06,7.499404376706244562e-06,8.556254719114072781e-06,9.660184465826701761e-06,1.081138033614045943e-05,1.200981085830325980e-05,1.325519825900701797e-05,1.454698946108139183e-05,1.588432639348116387e-05,1.726601584071492314e-05,1.869049908124501908e-05,2.015582158582371927e-05,2.165960306693751048e-05,2.319900818922380399e-05,2.477071826761495963e-05,2.637090429476426673e-05,2.799520165173584571e-05,2.963868686571714191e-05,3.129585678537400985e-05,3.296061054816197783e-05,3.462623471419870981e-05,3.628539193797907669e-05,3.793011354208665297e-05,3.955179634596412113e-05,4.114120408762096681e-05,4.268847375678670530e-05,4.418312713440645731e-05,4.561408780550829406e-05,4.696970388037819506e-05,4.823777662273383391e-05,4.940559514331713416e-05,5.045997727319918630e-05,5.138731668333526386e-05,5.217363626579655004e-05,5.280464773796597069e-05,5.326581737419491130e-05,5.354243771040497304e-05,5.361970500635830834e-05,5.348280218833530359e-05,5.311698693231095200e-05,5.250768448502048628e-05,5.164058475818437944e-05,5.050174317029710122e-05,4.907768465146349106e-05,4.735551017050680889e-05,4.532300509069529381e-05,4.296874861167124162e-05,4.028222351124012682e-05,3.725392536230695323e-05,3.387547036812029773e-05,3.013970093377487964e-05,2.604078807425149459e-05,2.157432974972771023e-05,1.673744421799151880e-05,1.152885750200250050e-05,5.948984088347666377e-06,0.000000000000000000e+00
0.000000000000000000e+00,5.303484675768162869e-07,1.092254948847357737e-06,1.686598836157558810e-06,2.314237582791351508e-06,2.975994969206885926e-06,3.672648014624716124e-06,4.404912538166803144e-06,5.173427388862542251e-06,5.978737379876292213e-06,6.821274979165350357e-06,7.701340826326996154e-06,8.619083163501740181e-06,9.574476286715853944e-06,1.056729814280557138e-05,1.159710721588866453e-05,1.266321886604733282e-05,1.376468130125760849e-05,1.490025138143508357e-05,1.606837047054598049e-05,1.726714056883268931e-05,1.849430097209607115e-05,1.974720571843336259e-05,2.102280209462096313e-05,2.231761048423089601e-05,2.362770584735694528e-05,2.494870112729060012e-05,2.627573288242592830e-05,2.760344944190189437e-05,2.892600188083780511e-05,3.023703810533555971e-05,3.152970032857972394e-05,3.279662620726565012e-05,3.402995389214721889e-05,3.522133122767967712e-05,3.636192931352530259e-05,3.744246061511535676e-05,3.845320178157963749e-05,3.938402129726608253e-05,4.022441205791114129e-05,4.096352892447020192e-05,4.159023126689166401e-05,4.209313046698015390e-05,4.246064230424550638e-05,4.268104410161338645e-05,4.274253645946133110e-05,4.263330935705621726e-05,4.234161235055315800e-05,4.185582854675859844e-05,4.116455198236340277e-05,4.025666798985651901e-05,3.912143608438163194e-05,3.774857486097323451e-05,3.612834834947454101e-05,3.425165323558586398e-05,3.211010632148785773e-05,2.969613156890971286e-05,2.700304604190785764e-05,2.402514404653038118e-05,2.075777875045371819e-05,1.719744055806624966e-05,1.334183151574571168e-05,9.189935028612082417e-06,4.742080184132421738e-06,0.000000000000000000e+00
0.000000000000000000e+00,4.054211465872645799e-07,8.349663665338433799e-07,1.289307652532663764e-06,1.769100202248481374e-06,2.274973449897159046e-06,2.807521062640963990e-06,3.367289905019644016e-06,3.954767986191242611e-06,4.570371417013628205e-06,5.214430416878283176e-06,5.887174423619464217e-06,6.588716373660421542e-06,7.319036233707865617e-06,8.077963879641318650e-06,8.865161432627923432e-06,9.680105176781384513e-06,1.052206719672188259e-05,1.139009688702131203e-05,1.228300249856829169e-05,1.319933289918929916e-05,1.413735973724125394e-05,1.509506020717189165e-05,1.607010062505235821e-05,1.705982102964889719e-05,1.806122103054882253e-05,1.907094712902925989e-05,2.008528173960070617e-05,2.110013414033024668e-05,2.211103357802012061e-05,2.311312474997312199e-05,2.410116587731761739e-05,2.506952957561601201e-05,2.601220671668229940e-05,2.692281346115430271e-05,2.779460162439633666e-05,2.862047251876395117e-05,2.939299439319428134e-05,3.010442356656314929e-05,3.074672932438428526e-05,3.131162261934966471e-05,3.179058858509142425e-05,3.217492283958480636e-05,3.245577152003689697e-05,3.262417495517842836e-05,3.267111484388512678e-05,3.258756477131858405e-05,3.236454385563808627e-05,3.199317328016170728e-05,3.146473542803725741e-05,3.077073529942807377e-05,2.990296385534687407e-05,2.885356289801894395e-05,2.761509106546194655e-05,2.618059048828004086e-05,2.454365362992283941e-05,2.269848980829519258e-05,2.063999087703796952e-05,1.836379552944447083e-05,1.586635167720950278e-05,1.314497635038589837e-05,1.019791256436294902e-05,7.024382604667758458e-06,3.624637191153948144e-06,0.000000000000000000e+00
0.000000000000000000e+00,2.902088096888566087e-07,5.976860012775433149e-07,9.229124602706979395e-07,1.266357036650464195e-06,1.628470125859929977e-06,2.009676508985659543e-06,2.410367454449049573e-06,2.830892091786404527e-06,3.271548076869540993e-06,3.732571577136879440e-06,4.214126615002949057e-06,4.716293817517658227e-06,5.239058630472638048e-06,5.782299065410646647e-06,6.345773058287313338e-06,6.929105528759336248e-06,7.531775239118532206e-06,8.153101561642926774e-06,8.792231272474242959e-06,9.448125498933734572e-06,1.011954695533040682e-05,1.080504760967196998e-05,1.150295693013381772e-05,1.221137086555228345e-05,1.292814171846348105e-05,1.365086907219446317e-05,1.437689193511755337e-05,1.510328226530104676e-05,1.582684003733637383e-05,1.654409001001149815e-05,1.725128034866319353e-05,1.794438324942098151e-05,1.861909770411185271e-05,1.927085453430422548e-05,1.989482381082481046e-05,2.048592476109715400e-05,2.103883825085703694e-05,2.154802190925365497e-05,2.200772794711936648e-05,2.241202369738524899e-05,2.275481488435187656e-05,2.302987160493896932e-05,2.323085698029733992e-05,2.335135841045814600e-05,2.338492133822571526e-05,2.332508540151752736e-05,2.316542282606449791e-05,2.289957888307048229e-05,2.252131420936827132e-05,2.202454876109474313e-05,2.140340714623888130e-05,2.065226505690726113e-05,1.976579649911393592e-05,1.873902149665658491e-05,1.756735392650093325e-05,1.624664912637477663e-05,1.477325090127130228e-05,1.314403754457172658e-05,1.135646648178970352e-05,9.408617140771549533e-06,7.299231651782138439e-06,5.027752984471354437e-06,2.594360136414307865e-06,0.000000000000000000e+00
0.000000000000000000e+00,1.844380136803378106e-07,3.798506402368144728e-07,5.865434355954667325e-07,8.048143006427608927e-07,1.034949402058337582e-06,1.277218622436507658e-06,1.531870541165759764e-06,1.799126952792171681e-06,2.079176935166631934e-06,2.372170485533273631e-06,2.678211748815378360e-06,2.997351868647818616e-06,3.329581498139346523e-06,3.674823013866451493e-06,4.032922483140988096e-06,4.403641441090513461e-06,4.786648540473030150e-06,5.181511143343903573e-06,5.587686929625960954e-06,6.004515603226655662e-06,6.431210781519284112e-06,6.866852158678988118e-06,7.310378037458957369e-06,7.760578327429796077e-06,8.216088110408220177e-06,8.675381875697388891e-06,9.136768528780189868e-06,9.598387277183663622e-06,1.005820449630896787e-05,1.051401167604456245e-05,1.096342454590617821e-05,1.140388347224049845e-05,1.183265521566401716e-05,1.224683613036965427e-05,1.264335687921669041e-05,1.301898872963343610e-05,1.337035148532711990e-05,1.369392309764639087e-05,1.398605098822618183e-05,1.424296510132503045e-05,1.446079269011641288e-05,1.463557482621024973e-05,1.476328460596096959e-05,1.483984701078469794e-05,1.486116036189034069e-05,1.482311929267301141e-05,1.472163914467863805e-05,1.455268167569413348e-05,1.431228195132345184e-05,1.399657627456310589e-05,1.360183099158177719e-05,1.312447199633575532e-05,1.256111474201470810e-05,1.190859455381320567e-05,1.116399702536222334e-05,1.032468827053052260e-05,9.388344793408673632e-06,8.352982732305267227e-06,7.216986228686557595e-06,5.979134669341179301e-06,4.638628549793354832e-06,3.195113709251626578e-06,1.648703692269868335e-06,0.000000000000000000e+00
0.000000000000000000e+00,8.780918622159695006e-08,1.808432649207036162e-07,2.792476901095459247e-07,3.831642695852665458e-07,4.927292229743755389e-07,6.080710157045272184e-07,7.293079696019083372e-07,8.565456533169295378e-07,9.898740584344281230e-07,1.129364569912987856e-06,1.275066742401329010e-06,1.427004896975314425e-06,1.585174555902070189e-06,1.749538736140713403e-06,1.920024125402632021e-06,2.096517167686908438e-06,2.278860088244833140e-06,2.466846890876905561e-06,2.660219363290057962e-06,2.858663128905126617e-06,3.061803785967044942e-06,3.269203177034889243e-06,3.480355833878117299e-06,3.694685644441322357e-06,3.911542789826722630e-06,4.130201000145892207e-06,4.349855178577200748e-06,4.569619443001869994e-06,4.788525634151639653e-06,5.005522338259903704e-06,5.219474470744638198e-06,5.429163465448894819e-06,5.633288111410408312e-06,5.830466076019025726e-06,6.019236149747164856e-06,6.198061243408385200e-06,6.365332164122286211e-06,6.519372190856599252e-06,6.658442464602578759e-06,6.780748201946761738e-06,6.884445734067428678e-06,6.967650366050519543e-06,7.028445043937111022e-06,7.064889809139232407e-06,7.075032011855506871e-06,7.056917246951063230e-06,7.008600967512703880e-06,6.928160723028954911e-06,6.813708960960315111e-06,6.663406322445433744e-06,6.475475355125824784e-06,6.248214558658628501e-06,5.980012671519400006e-06,5.669363101270971945e-06,5.314878394685404563e-06,4.915304639048547450e-06,4.469535681741361658e-06,3.976627051867695625e-06,3.435809465366323245e-06,2.846501793783439220e-06,2.208323376758453400e-06,1.521105559353080050e-06,7.849023376808295199e-07,0.000000000000000000e+00
0.000000000000000000e+00,0.000000000000000000e+00,0.000000000000000000e+00,0.000000000000000000e+00,0.000000000000000000e+00,0.000000000000000000e+00,0.000000000000000000e+00,0.000000000000000000e+00,0.000000000000000000e+00,0.000000000000000000e+00,0.000000000000000000e+00,0.000000000000000000e+00,0.000000000000000000e+00,0.000000000000000000e+00,0.000000000000000000e+00,0.000000000000000000e+00,0.000000000000000000e+00,0.000000000000000000e+00,0.000000000000000000e+00,0.000000000000000000e+00,0.000000000000000000e+00,0.000000000000000000e+00,0.000000000000000000e+00,0.000000000000000000e+00,0.000000000000000000e+00,0.000000000000000000e+00,0.000000000000000000e+00,0.000000000000000000e+00,0.000000000000000000e+00,0.000000000000000000e+00,0.000000000000000000e+00,0.000000000000000000e+00,0.000000000000000000e+00,0.000000000000000000e+00,0.000000000000000000e+00,0.000000000000000000e+00,0.000000000000000000e+00,0.000000000000000000e+00,0.000000000000000000e+00,0.000000000000000000e+00,0.000000000000000000e+00,0.000000000000000000e+00,0.000000000000000000e+00,0.000000000000000000e+00,0.000000000000000000e+00,0.000000000000000000e+00,0.000000000000000000e+00,0.000000000000000000e+00,0.000000000000000000e+00,0.000000000000000000e+00,0.000000000000000000e+00,0.000000000000000000e+00,0.000000000000000000e+00,0.000000000000000000e+00,0.000000000000000000e+00,0.000000000000000000e+00,0.000000000000000000e+00,0.000000000000000000e+00,0.000000000000000000e+00,0.000000000000000000e+00,0.000000000000000000e+00,0.000000000000000000e+00,0.000000000000000000e+00,0.000000000000000000e+00,0.000000000000000000e+00
