0.000000000000000000e+00,0.000000000000000000e+00,0.000000000000000000e+00,0.000000000000000000e+00,0.000000000000000000e+00,0.000000000000000000e+00,0.000000000000000000e+00,0.000000000000000000e+00,0.000000000000000000e+00,0.000000000000000000e+00,0.000000000000000000e+00,0.000000000000000000e+00,0.000000000000000000e+00,0.000000000000000000e+00,0.000000000000000000e+00,0.000000000000000000e+00,0.000000000000000000e+00,0.000000000000000000e+00,0.000000000000000000e+00,0.000000000000000000e+00,0.000000000000000000e+00,0.000000000000000000e+00,0.000000000000000000e+00,0.000000000000000000e+00,0.000000000000000000e+00,0.000000000000000000e+00,0.000000000000000000e+00,0.000000000000000000e+00,0.000000000000000000e+00,0.000000000000000000e+00,0.000000000000000000e+00,0.000000000000000000e+00,0.000000000000000000e+00,0.000000000000000000e+00,0.000000000000000000e+00,0.000000000000000000e+00,0.000000000000000000e+00,0.000000000000000000e+00,0.000000000000000000e+00,0.000000000000000000e+00,0.000000000000000000e+00,0.000000000000000000e+00,0.000000000000000000e+00,0.000000000000000000e+00,0.000000000000000000e+00,0.000000000000000000e+00,0.000000000000000000e+00,0.000000000000000000e+00,0.000000000000000000e+00,0.000000000000000000e+00,0.000000000000000000e+00,0.000000000000000000e+00,0.000000000000000000e+00,0.000000000000000000e+00,0.000000000000000000e+00,0.000000000000000000e+00,0.000000000000000000e+00,0.000000000000000000e+00,0.000000000000000000e+00,0.000000000000000000e+00,0.000000000000000000e+00,0.000000000000000000e+00,0.000000000000000000e+00,0.000000000000000000e+00,0.000000000000000000e+00
0.000000000000000000e+00,1.117762665128996977e-14,2.825458327243226909e-14,5.330357725806589013e-14,8.894503560024734872e-14,1.384475271943005586e-13,2.058332374430794254e-13,2.959832638837993851e-13,4.147347714344099197e-13,5.689584794144242860e-13,7.666003718257907281e-13,1.016665726957025223e-12,1.329116329376271322e-12,1.714642813143488618e-12,2.184263227833789581e-12,2.748685843154588991e-12,3.417358630359445668e-12,4.197109496884939787e-12,5.090259934045252430e-12,6.092070021551874519e-12,7.187344516241879665e-12,8.345997901008639098e-12,9.517340742849895561e-12,1.062281059428603989e-11,1.154682823087403427e-11,1.212541473820022216e-11,1.213215763404264972e-11,1.126106601976037862e-11,9.105807404979447619e-12,5.134774739048856771e-12,-1.338605363871052912e-12,-1.119093862505810660e-11,-2.552992772747090880e-11,-4.574204289877744816e-11,-7.354735079271232200e-11,-1.110619447324575756e-10,-1.608682331706913984e-10,-2.260930486803093115e-10,-3.104930932866420453e-10,-4.185465767890730795e-10,-5.555489484283877374e-10,-7.277092513414116383e-10,-9.422416804790391970e-10,-1.207444171731203290e-09,-1.532751979927698041e-09,-1.928748784717602037e-09,-2.407110303474400178e-09,-2.980444878748679967e-09,-3.661980940667138383e-09,-4.465031126624158569e-09,-5.402135156306954618e-09,-6.483745609339602323e-09,-7.716268940354842392e-09,-9.099203637492685544e-09,-1.062102214350505813e-08,-1.225331488597152145e-08,-1.394254301439420436e-08,-1.559851781207195466e-08,-1.707842230115416486e-08,-1.816479316183265681e-08,-1.853536278283496671e-08,-1.772199073343763159e-08,-1.505505426013640000e-08,-9.588576254218160006e-09,0.000000000000000000e+00
0.000000000000000000e+00,1.986054756412911185e-14,5.020203100130792232e-14,9.470506376877526345e-14,1.580216198829288041e-13,2.459524362391602786e-13,3.656329453367086260e-13,5.257182853875527013e-13,7.365530378925214984e-13,1.010304948914147001e-12,1.361033681502504568e-12,1.804655264603555435e-12,2.358749950067377448e-12,3.042145228662864792e-12,3.874186320610454577e-12,4.873583053802732305e-12,6.056694167808526592e-12,7.435077229672675299e-12,9.012094035405605075e-12,1.077831716244089823e-11,1.270543287525948910e-11,1.473827862931661910e-11,1.678458989607329206e-11,1.870196110349959300e-11,2.028144961983595906e-11,2.122717078009264402e-11,2.113114737850005298e-11,1.944259094611124380e-11,1.543070755344626868e-11,8.140042114057073926e-12,-3.662691835183296787e-12,-2.155139694850645380e-11,-4.751410740392300613e-11,-8.403831989795039271e-11,-1.342091267990829098e-10,-2.018209421504046175e-10,-2.915032777259026602e-10,-4.088604989823074156e-10,-5.606246914159736451e-10,-7.548195878844526189e-10,-1.000931795672263963e-09,-1.310083108116910811e-09,-1.695194197206647788e-09,-2.171125055457874375e-09,-2.754770627083684283e-09,-3.465080367225725132e-09,-4.322956932339509864e-09,-5.350970382545770155e-09,-6.572798190295854268e-09,-8.012265319210789375e-09,-9.691809050363461054e-09,-1.163012525009023214e-08,-1.383865994729228449e-08,-1.631648389204921842e-08,-1.904291700426784883e-08,-2.196703970600073396e-08,-2.499292023320738926e-08,-2.795897706884016264e-08,-3.060935319546883009e-08,-3.255446594760982556e-08,-3.321696614850214851e-08,-3.175813654607681660e-08,-2.697821571672137274e-08,-1.718217316243494928e-08,0.000000000000000000e+00
0.000000000000000000e+00,2.634457382898020139e-14,6.658948120373375010e-14,1.256120434058552779e-13,2.095739565246397874e-13,3.261543040705164013e-13,4.847928835219318717e-13,6.969309534507496069e-13,9.762299089999838758e-13,1.338739784483679320e-12,1.802978436663294052e-12,2.389868300580095566e-12,3.122460198245224501e-12,4.025352235903076621e-12,5.123685721831646937e-12,6.441568614859386883e-12,7.999739597227901047e-12,9.812241779691967572e-12,1.188182364619836640e-11,1.419372554723780826e-11,1.670744237771261674e-11,1.934597670871514630e-11,2.198201149067449423e-11,2.442033772487905233e-11,2.637577084274416563e-11,2.744568111664171481e-11,2.707615015272373206e-11,2.452065023265154937e-11,1.879003007570623059e-11,8.592485244585919883e-12,-7.737898098987345633e-12,-3.232550007922894228e-11,-6.785191941053525015e-11,-1.176705740627088217e-10,-1.859384702646762266e-10,-2.777661964143997693e-10,-3.993867502104456058e-10,-5.583430987740598226e-10,-7.636932978263097577e-10,-1.026230411209043215e-09,-1.358712173083289371e-09,-1.776092039416492118e-09,-2.295738590200564725e-09,-2.937623624628358042e-09,-3.724449984858145278e-09,-4.681677111200624181e-09,-5.837384145308399109e-09,-7.221885105303101081e-09,-8.866975597562091695e-09,-1.080464209839883298e-08,-1.306499817373942359e-08,-1.567312058949174517e-08,-1.864433341810722692e-08,-2.197731847974925820e-08,-2.564420067781694561e-08,-2.957644733020275133e-08,-3.364500605121493703e-08,-3.763255360032754387e-08,-4.119499725702287183e-08,-4.380840932579338810e-08,-4.469632107140390313e-08,-4.273067823367120138e-08,-3.629767574950832406e-08,-2.311704025776055050e-08,0.000000000000000000e+00
0.000000000000000000e+00,3.091668567068571682e-14,7.814209506891393292e-14,1.473917358666294011e-13,2.458814908670386923e-13,3.825971972251802308e-13,5.685746487853283138e-13,8.171742962316020136e-13,1.144327002309696597e-12,1.568716891955127959e-12,2.111854112452559984e-12,2.797973615111694453e-12,3.653675252629992002e-12,4.707194861721735972e-12,5.987164824191820373e-12,7.520685088319099777e-12,9.330480982240078247e-12,1.143087156127184503e-11,1.382221093587935049e-11,1.648339433564823925e-11,1.936194001286089127e-11,2.236106710289583624e-11,2.532308813314803379e-11,2.800832327196833562e-11,3.006862239288080436e-11,3.101445200907542111e-11,3.017436938026735411e-11,2.664556900960667627e-11,1.923405222445098804e-11,6.382845444004156499e-12,-1.391341339561229771e-11,-4.420927485164806192e-11,-8.772644300821525943e-11,-1.484906333307255686e-10,-2.314888915560078338e-10,-3.428486265367330257e-10,-4.900390740255086639e-10,-6.820950617439058725e-10,-9.298616635322265321e-10,-1.246256437667545534e-09,-1.646543198971006518e-09,-2.148607338495978672e-09,-2.773217109163295864e-09,-3.544247389772796847e-09,-4.488831322749029077e-09,-5.637389650547787541e-09,-7.023465844660545697e-09,-8.683264892959089052e-09,-1.065475170185768921e-08,-1.297610716242637379e-08,-1.568326020156621266e-08,-1.880610478223631961e-08,-2.236286142314326810e-08,-2.635183959912089740e-08,-3.073958224633662484e-08,-3.544400291049359890e-08,-4.031062930204885895e-08,-4.507940505544681933e-08,-4.933862479719987001e-08,-5.246142424414272694e-08,-5.351874056889228921e-08,-5.116070607624425089e-08,-4.345593044184324873e-08,-2.767493645396628645e-08,0.000000000000000000e+00
0.000000000000000000e+00,3.384997272772305001e-14,8.555017263939050027e-14,1.613463906445200040e-13,2.691171428485427038e-13,4.186632160180904176e-13,6.220061900195312711e-13,8.936778589846265502e-13,1.250973553201725244e-12,1.714130756918827749e-12,2.306379557374983061e-12,3.053792709916953657e-12,3.984839755397113652e-12,5.129520906311953380e-12,6.517921498087956885e-12,8.177985809826020307e-12,1.013225910029969159e-11,1.239328788997633034e-11,1.495729999779814022e-11,1.779570684672508624e-11,2.084388046072072774e-11,2.398655597711971740e-11,2.703909728318207744e-11,2.972373885791551107e-11,3.163978191625451282e-11,3.222657909908726524e-11,3.071799177648124124e-11,2.608685134239380005e-11,1.697780615300126100e-11,1.626796687002802657e-12,-2.223471626003570158e-11,-5.749272732978029291e-11,-1.077828489770294512e-10,-1.776435850804905300e-10,-2.726924605452247422e-10,-3.998263975021913907e-10,-5.674471276056274635e-10,-7.857114810491265559e-10,-1.066804956084101179e-09,-1.425234852883888220e-09,-1.878136180790224077e-09,-2.445579140015934850e-09,-3.150860711831015234e-09,-4.020754035356160480e-09,-5.085676794290525173e-09,-6.379722389620774153e-09,-7.940473318722406604e-09,-9.808482294044902537e-09,-1.202625963999143438e-08,-1.463654055414070295e-08,-1.767951636330538280e-08,-2.118859116380023455e-08,-2.518405749642036516e-08,-2.966385645281501626e-08,-3.459027842885094484e-08,-3.987104398858954731e-08,-4.533264549790241969e-08,-5.068308512479349837e-08,-5.546015741391516531e-08,-5.896012466216162039e-08,-6.013993393075360734e-08,-5.748392022665433168e-08,-4.882310555996045521e-08,-3.109159249034779707e-08,0.000000000000000000e+00
0.000000000000000000e+00,3.540005072013971327e-14,8.946001876809306402e-14,1.686958135869403000e-13,2.813175777302611442e-13,4.375250532263524720e-13,6.498091077722604448e-13,9.332393732566738567e-13,1.305708287947332165e-12,1.788089283712569893e-12,2.404250814939142413e-12,3.180847704179770300e-12,4.146786124239068283e-12,5.332227621260970795e-12,6.766960022554422031e-12,8.477917935741662726e-12,1.048558187823770822e-11,1.279892192945051529e-11,1.540847826716918737e-11,1.827708622097053613e-11,2.132765688866179036e-11,2.442731548562932133e-11,2.736707832477827439e-11,2.983611599310438736e-11,3.138950582947006062e-11,3.140822293007921097e-11,2.904995835696266618e-11,2.318919009829706829e-11,1.234477251279377468e-11,-5.406838256070464663e-12,-3.253473064380895239e-11,-7.217515002892475622e-11,-1.282736974173747821e-10,-2.057501707993126860e-10,-3.106879106334923792e-10,-4.505491286925695032e-10,-6.344170518818446386e-10,-8.732646912603606727e-10,-1.180248500634153747e-09,-1.571022908888603186e-09,-2.064068403323504782e-09,-2.681021100563179149e-09,-3.446985000981703290e-09,-4.390798596148022282e-09,-5.545214098492229849e-09,-6.946928786397997256e-09,-8.636381740713907127e-09,-1.065719276087128255e-08,-1.305506963176763894e-08,-1.587593992938726718e-08,-1.916296713299276912e-08,-2.295197846126601124e-08,-2.726465089943647082e-08,-3.209855553541692644e-08,-3.741282645713890022e-08,-4.310777018082165949e-08,-4.899612743466743895e-08,-5.476289304281239463e-08,-5.990953056496459744e-08,-6.367700956137691039e-08,-6.494024988451884144e-08,-6.206416347365468454e-08,-5.270840136020717643e-08,-3.356398057004076139e-08,0.000000000000000000e+00
0.000000000000000000e+00,3.580270013605885658e-14,9.046791351512692397e-14,1.705657991263154167e-13,2.843634473655310104e-13,4.421143089304667926e-13,6.563498185751502770e-13,9.421515115242738688e-13,1.317371743119888369e-12,1.802757915019290325e-12,2.421918253622347942e-12,3.201045969121271892e-12,4.168292260304301870e-12,5.352646263159151554e-12,6.782140751167804993e-12,8.481155216977188014e-12,1.046653191046457158e-11,1.274215449546204915e-11,1.529156228123211528e-11,1.806808464670804709e-11,2.098187962754276294e-11,2.388314724018244059e-11,2.654066187465209421e-11,2.861462936248564880e-11,2.962272410107256483e-11,2.889800169069855275e-11,2.553721579017631107e-11,1.833789860776431148e-11,5.722398766477506482e-12,-1.435308315564260474e-11,-4.450655036164659702e-11,-8.805753442626782073e-11,-1.491758917530457992e-10,-2.330542061531847994e-10,-3.461057261838505934e-10,-4.961893644980347346e-10,-6.928626077342818561e-10,-9.476621161583035192e-10,-1.274410174793895543e-09,-1.689542772659366927e-09,-2.212451628089110802e-09,-2.865827519906592628e-09,-3.675985233654515678e-09,-4.673140466039744273e-09,-5.891595009053379992e-09,-7.369766883448444460e-09,-9.149974642983045295e-09,-1.127784685697652247e-08,-1.380117474787129793e-08,-1.676795261077214128e-08,-2.022324953993397408e-08,-2.420441714538654837e-08,-2.873394802146158253e-08,-3.380904102428177937e-08,-3.938657859375046709e-08,-4.536174789356660959e-08,-5.153790183648621531e-08,-5.758440718979513774e-08,-6.297810010098178763e-08,-6.692248298005085250e-08,-6.823684941817708135e-08,-6.520499181782846983e-08,-5.536988091995414632e-08,-3.525653295311881353e-08,0.000000000000000000e+00
0.000000000000000000e+00,3.527250310158786161e-14,8.911661881740641737e-14,1.679813888189662705e-13,2.799677831878341622e-13,4.351026942582258207e-13,6.456102540017282034e-13,9.261573832615338822e-13,1.294039945683609580e-12,1.769262250467824720e-12,2.374445284019393569e-12,3.134477229296693769e-12,4.075792753312149025e-12,5.225134335928637596e-12,6.607608643214258965e-12,8.243802636992130874e-12,1.014566675694187869e-11,1.231080511893174258e-11,1.471473429798422174e-11,1.730058206135064926e-11,1.996559470662315745e-11,2.254370600788558789e-11,2.478329209306878981e-11,2.631909525479495809e-11,2.663714675439921185e-11,2.503135596872796256e-11,2.055026370320621328e-11,1.193228554610096190e-11,-2.472396934964029129e-12,-2.479529472495963431e-11,-5.776054764227622743e-11,-1.048155551058692497e-10,-1.702835420323907853e-10,-2.595402278993923149e-10,-3.792165542402184954e-10,-5.374290126270937882e-10,-7.440384180594177807e-10,-1.010936875641103917e-09,-1.352361030107982545e-09,-1.785227243241071645e-09,-2.329480799917612760e-09,-3.008446162554596096e-09,-3.849158067797180659e-09,-4.882643043557622236e-09,-6.144106548005978904e-09,-7.672960777142735877e-09,-9.512600026989629954e-09,-1.170979127613346858e-08,-1.431349320438122720e-08,-1.737284151693249324e-08,-2.093393453898741250e-08,-2.503491028037245828e-08,-2.969861077023935360e-08,-3.492186313068414009e-08,-4.066004545138657662e-08,-4.680511742020118218e-08,-5.315463976296897968e-08,-5.936842991989685259e-08,-6.490833652497874122e-08,-6.895507699579806719e-08,-7.029406479757326530e-08,-6.715952549863425183e-08,-5.702280652484222565e-08,-3.630643916613281899e-08,0.000000000000000000e+00
0.000000000000000000e+00,3.400228326939813797e-14,8.589392600306529944e-14,1.618640148988086534e-13,2.696709544927271848e-13,4.188936226106196007e-13,6.211743159036143979e-13,8.904292347638612569e-13,1.242991520154505430e-12,1.697637999005537538e-12,2.275433176420591769e-12,2.999301909123882774e-12,3.893214805102413598e-12,4.980836847587535224e-12,6.283449104867528699e-12,7.816904683856510753e-12,9.587322316292982686e-12,1.158515314292801851e-11,1.377717744431817777e-11,1.609589742013606878e-11,1.842568897278295061e-11,2.058495938471218527e-11,2.230342872146118329e-11,2.319351114975749598e-11,2.271461917423324874e-11,2.012905094872258987e-11,1.444795129313643251e-11,4.365665278224414262e-12,-1.181936442481829326e-11,-3.629915990406837448e-11,-7.186836292426210058e-11,-1.220562024060495287e-10,-1.912805161787698586e-10,-2.850259930617306318e-10,-4.100485843561846490e-10,-5.746076148288042899e-10,-7.887264181107979609e-10,-1.064481213233691422e-09,-1.416316265017268775e-09,-1.861380904309917787e-09,-2.419880408175938214e-09,-3.115427613791832497e-09,-3.975374848605559178e-09,-5.031095449168156079e-09,-6.318169627790515090e-09,-7.876409092868945650e-09,-9.749626380403361361e-09,-1.198501521673851188e-08,-1.463195317832730206e-08,-1.773996169412288976e-08,-2.135545327041879927e-08,-2.551675123602300055e-08,-3.024666929598649478e-08,-3.554166811012165657e-08,-4.135623935894050480e-08,-4.758067203115197494e-08,-5.400968893289265209e-08,-6.029854944184677747e-08,-6.590202797854600451e-08,-6.999010885485306122e-08,-7.133217751136435163e-08,-6.813880064872253770e-08,-5.784670974255884970e-08,-3.682813951894796202e-08,0.000000000000000000e+00
0.000000000000000000e+00,3.216318002566841736e-14,8.123281586959189784e-14,1.530317150243734853e-13,2.548408201788384087e-13,3.956220248083741924e-13,5.862268187171572325e-13,8.395655600979973430e-13,1.170701354047710606e-12,1.596818594298211378e-12,2.136998558752059851e-12,2.811712325787583047e-12,3.641913906993776140e-12,4.647583013027666102e-12,5.845526363571955749e-12,7.246197957963574708e-12,8.849241258143897143e-12,1.063738882936795863e-11,1.256827671719064394e-11,1.456364089499971667e-11,1.649526084559101487e-11,1.816690034187285947e-11,1.929136771311005652e-11,1.946167774544801928e-11,1.811514592199693016e-11,1.448908484515904165e-11,7.566605383306058554e-12,-3.989144235085176788e-12,-2.191413317567169071e-11,-4.843798027170534701e-11,-8.639597398657669008e-11,-1.393607745373826073e-10,-2.117960116646765474e-10,-3.092339135274802601e-10,-4.384788834695759862e-10,-6.078385215479873138e-10,-8.273828830178517276e-10,-1.109231660053988689e-09,-1.467867303745865676e-09,-1.920469644710957511e-09,-2.487264006994991622e-09,-3.191869701122428224e-09,-4.061628514975746099e-09,-5.127882542757507096e-09,-6.426156219437794062e-09,-7.996177124255585324e-09,-9.881641726158406003e-09,-1.212959266900778671e-08,-1.478921919968026294e-08,-1.790981616355671238e-08,-2.153753182248187272e-08,-2.571039007284346548e-08,-3.045087436694347928e-08,-3.575509000953011372e-08,-4.157715369554579787e-08,-4.780696157228021173e-08,-5.423881724306093302e-08,-6.052750402022771437e-08,-6.612719096534387044e-08,-7.020698051921699052e-08,-7.153482486100780815e-08,-6.831882002597132722e-08,-5.799136252560335525e-08,-3.691712103636136533e-08,0.000000000000000000e+00
0.000000000000000000e+00,2.990521248552048589e-14,7.551286437487984162e-14,1.422017208382701119e-13,2.366768981599640762e-13,3.671605333181176605e-13,5.435621153402380938e-13,7.776025116604240728e-13,1.082854926558386455e-12,1.474652169512079945e-12,1.969792066037251097e-12,2.585950913707026175e-12,3.340687799578867242e-12,4.249889512941847228e-12,5.325465813159182504e-12,6.572057009809392363e-12,7.982459226743289455e-12,9.531406410955251944e-12,1.116727122129361151e-11,1.280115860355877854e-11,1.429276550600351545e-11,1.543226743626355822e-11,1.591736737439800776e-11,1.532450537050048871e-11,1.307307902408120198e-11,8.381367839903369457e-12,2.126911300748663699e-13,-1.278983595337307052e-11,-3.238174429047892918e-11,-6.081079404970872170e-11,-1.009277650399386869e-10,-1.563166003360861565e-10,-2.314460653366275184e-10,-3.318450046783307356e-10,-4.643030609621913496e-10,-6.370983025613059109e-10,-8.602525104094980533e-10,-1.145813780907455473e-09,-1.508164454071703986e-09,-1.964349949700188520e-09,-2.534420578159672568e-09,-3.241773351695214742e-09,-4.113473650886398254e-09,-5.180526455711098763e-09,-6.478052560962640753e-09,-8.045305141226248176e-09,-9.925433976311769636e-09,-1.216486552293274724e-08,-1.481211262018850757e-08,-1.791575222072053372e-08,-2.152120538640477766e-08,-2.566581041249867137e-08,-3.037148331302832426e-08,-3.563399130266086685e-08,-4.140749955959228191e-08,-4.758255683668219213e-08,-5.395501880736709067e-08,-6.018251419748963685e-08,-6.572386688106463043e-08,-6.975530705716943679e-08,-7.105522297459114069e-08,-6.784648055752839343e-08,-5.758179924336952411e-08,-3.665311086260337097e-08,0.000000000000000000e+00
0.000000000000000000e+00,2.735821060737951606e-14,6.906258246218709173e-14,1.299948282864794180e-13,2.162175540221737165e-13,3.351304600628691089e-13,4.956000244742623425e-13,7.080361154178636141e-13,9.843782871726581289e-13,1.337940826193410915e-12,1.783048326289574376e-12,2.334372008240594821e-12,3.005850411656669975e-12,3.809045664053786616e-12,4.750747408520259840e-12,5.829589743548825531e-12,7.031391277251058057e-12,8.322863717750571007e-12,9.643259458994671037e-12,1.089344262503691938e-11,1.192177041777374961e-11,1.250606202500960112e-11,1.233081077514930094e-11,1.095866211448306342e-11,7.795036381394025155e-12,2.044623105121362745e-12,-7.341684441749285787e-12,-2.173100518916228362e-11,-4.288558234445861131e-11,-7.305467899997315752e-11,-1.150832615964035098e-10,-1.725395514818649527e-10,-2.498635375522964719e-10,-3.525384620621888430e-10,-4.872870751586422584e-10,-6.622940434424165513e-10,-8.874552133245491216e-10,-1.174653359017720074e-09,-1.538058431350007147e-09,-1.994447948932748870e-09,-2.563539732618479372e-09,-3.268324251811880248e-09,-4.135376833039590124e-09,-5.195120050149088305e-09,-6.481992622708808425e-09,-8.034461503412541111e-09,-9.894786340115768210e-09,-1.210840713313050494e-08,-1.472277253708249279e-08,-1.778535223933744741e-08,-2.134047453119463714e-08,-2.542448924291492459e-08,-3.005856276809759357e-08,-3.523814744019984449e-08,-4.091780747793287204e-08,-4.698959571081251228e-08,-5.325251696590668103e-08,-5.936973033370503575e-08,-6.480896271357332698e-08,-6.876003973688999484e-08,-7.002137336224009050e-08,-6.684453591450115440e-08,-5.672252310894802590e-08,-3.610275178412784603e-08,0.000000000000000000e+00
0.000000000000000000e+00,2.463301034718496626e-14,6.216242825494063601e-14,1.169410520514902180e-13,1.943493694926932198e-13,3.009162427801555176e-13,4.444070552266314612e-13,6.338523489924805982e-13,8.794794620722443241e-13,1.192496243468350323e-12,1.584659006504918109e-12,2.067535820430770120e-12,2.651350321941925586e-12,3.343259672297421859e-12,4.144882262997142918e-12,5.048845419017600017e-12,6.034069785158362994e-12,7.059444445038201728e-12,8.055474303052163037e-12,8.913398146434092344e-12,9.471181546191898885e-12,9.495683034418861191e-12,8.660174819461092598e-12,6.516271118759926269e-12,2.459179037230744914e-12,-4.314959396298479123e-12,-1.486101708163808640e-11,-3.054765949069356867e-11,-5.313263414876785503e-11,-8.485239119316260945e-11,-1.285279651056466572e-10,-1.876891185946264557e-10,-2.667187590305780224e-10,-3.710195562933827177e-10,-5.072044776729450680e-10,-6.833125542716141161e-10,-9.090505260358094605e-10,-1.196059970296170751e-09,-1.558207949723625626e-09,-2.011896907835133649e-09,-2.576386197162558804e-09,-3.274112832698516245e-09,-4.130992243070970136e-09,-5.176670138488825264e-09,-6.444683008081985386e-09,-7.972465647852452739e-09,-9.801117360170051365e-09,-1.197480110606385840e-08,-1.453959788824767498e-08,-1.754156647689361118e-08,-2.102365876531019639e-08,-2.502100342780297698e-08,-2.955388152770001365e-08,-3.461745908465999244e-08,-4.016698916807996852e-08,-4.609671790538926054e-08,-5.221008301635287001e-08,-5.817792563269466047e-08,-6.348027592746943425e-08,-6.732573052425728184e-08,-6.854040087653499770e-08,-6.541573414396857158e-08,-5.550101514273883902e-08,-3.532183480649243858e-08,0.000000000000000000e+00
0.000000000000000000e+00,2.182282717690975827e-14,5.504827402511003376e-14,1.034861503344907389e-13,1.718179925739121382e-13,2.656822574974319086e-13,3.917212607183964880e-13,5.575626325715125146e-13,7.716977699257309734e-13,1.043206662780526962e-12,1.381262012082114518e-12,1.794325108250244790e-12,2.288920823408802554e-12,2.867848542150558146e-12,3.527649126590827573e-12,4.255104259995585438e-12,5.022492906470112640e-12,5.781269345393154187e-12,6.453757523973709121e-12,6.922376652726644903e-12,7.015822534870880476e-12,6.491527785610957217e-12,5.013611889183800816e-12,2.125409413267955604e-12,-2.784467331510947234e-12,-1.052371457654895145e-11,-2.214690030647958023e-11,-3.901647787764618446e-11,-6.287586423611814738e-11,-9.593632490955515271e-11,-1.409795122395452402e-10,-2.014775688655494663e-10,-2.817327145968666165e-10,-3.870381530917677811e-10,-5.238619260042607310e-10,-7.000549522086640557e-10,-9.250838430298968419e-10,-1.210288076151820229e-09,-1.569159594547217817e-09,-2.017640667569676731e-09,-2.574432622818781159e-09,-3.261303429012425009e-09,-4.103375522460843141e-09,-5.129365942877041030e-09,-6.371737693273487048e-09,-7.866702758813533931e-09,-9.653991330413143634e-09,-1.177626561525772458e-08,-1.427800624722146066e-08,-1.720362936589259451e-08,-2.059449561259374357e-08,-2.448433871728999040e-08,-2.889245772575024519e-08,-3.381376544477406455e-08,-3.920444268216789714e-08,-4.496148201035789229e-08,-5.089377495196811998e-08,-5.668154902838526795e-08,-6.181982661863592392e-08,-6.554006700354141308e-08,-6.670215316475810883e-08,-6.364625358472433095e-08,-5.399064966117885150e-08,-3.435715475154838291e-08,0.000000000000000000e+00
0.000000000000000000e+00,1.900473762212198543e-14,4.791514924742972722e-14,8.999868012277142542e-14,1.492398956902026315e-13,2.303910908801596364e-13,3.389793485854959231e-13,4.812427162798508097e-13,6.639581493609945682e-13,8.941111559953938427e-13,1.178341141940042850e-12,1.522076704299699795e-12,1.928250910689211277e-12,2.395457221819847576e-12,2.915371424559497588e-12,3.469222963269352012e-12,4.023049604679244887e-12,4.521411678008595611e-12,4.879175481361540775e-12,4.970899216630365742e-12,4.617268536805901498e-12,3.567932207588171018e-12,1.479981546871097251e-12,-2.108799334979831173e-12,-7.812910920899942985e-12,-1.643947428274339086e-11,-2.903719370380276526e-11,-4.695535160384753082e-11,-7.191437426335698001e-11,-1.060896272176289865e-10,-1.522101966221089099e-10,-2.136744729608955415e-10,-2.946843563901701004e-10,-4.003998215596415045e-10,-5.371153763892468157e-10,-7.124595720057940637e-10,-9.356180976265203505e-10,-1.217580023935768713e-09,-1.571405300804032590e-09,-2.012509473322717548e-09,-2.558958478744445992e-09,-3.231761940802332906e-09,-4.055147048622950550e-09,-5.056786143847603362e-09,-6.267938495980255125e-09,-7.723448970956203007e-09,-9.461521383317969256e-09,-1.152314949984761152e-08,-1.395104013070629582e-08,-1.678779530555888577e-08,-2.007302711235094228e-08,-2.383894979261317436e-08,-2.810381622490574223e-08,-3.286232267679317860e-08,-3.807177359500482735e-08,-4.363234667312485513e-08,-4.935918726737638107e-08,-5.494323786188869133e-08,-5.989660453710069649e-08,-6.347679055662366378e-08,-6.458217542515811784e-08,-6.160854490840092719e-08,-5.225310731521351334e-08,-3.324804662485520176e-08,0.000000000000000000e+00
0.000000000000000000e+00,1.624121186512557477e-14,4.092111504268393704e-14,7.677730764617907886e-14,1.271145769833333287e-13,1.958225376764812034e-13,2.873449351566939955e-13,4.065733268737088382e-13,5.586281433700667685e-13,7.484778482901615608e-13,9.803315599233289763e-13,1.256721508905083544e-12,1.577168474154945502e-12,1.936295199642966749e-12,2.321219045815541613e-12,2.708015042948337761e-12,3.056993353676769151e-12,3.306480201002584885e-12,3.364727909528877452e-12,3.099507267018738671e-12,2.324853509902431281e-12,7.843456474119391687e-13,-1.869802370215001411e-12,-6.102670510853855832e-12,-1.252853199681838879e-11,-2.194979870848364119e-11,-3.540421742420250348e-11,-5.422165120033487040e-11,-8.009190487093920885e-11,-1.151451662067734517e-10,-1.620467247145126882e-10,-2.241076846437437438e-10,-3.054133886454377611e-10,-4.109711877541473602e-10,-5.468789961524667494e-10,-7.205157059367201143e-10,-9.407539389048561489e-10,-1.218194683103981054e-09,-1.565421967146123536e-09,-1.997273677057759429e-09,-2.531121655280656874e-09,-3.187149970617081877e-09,-3.988614195640513778e-09,-4.962055954247758227e-09,-6.137434903464250895e-09,-7.548123296829862153e-09,-9.230684412112657557e-09,-1.122432275140562762e-08,-1.356984737775443599e-08,-1.630792503134319567e-08,-1.947630994613323888e-08,-2.310561331076607932e-08,-2.721300459831008162e-08,-3.179300276697255065e-08,-3.680419523547186633e-08,-4.215028687594309702e-08,-4.765329090009485945e-08,-5.301587717350645413e-08,-5.776882451676084111e-08,-6.119809593927291977e-08,-6.224415949442324850e-08,-5.936367314753596686e-08,-5.034036492093496024e-08,-3.202765303491458482e-08,0.000000000000000000e+00
0.000000000000000000e+00,1.358165206133290015e-14,3.419115476117812054e-14,6.405815467101370496e-14,1.058368341669797866e-13,1.625927371065446622e-13,2.377370545513472737e-13,3.348812654926008233e-13,4.575756569393533310e-13,6.088834299548423479e-13,7.907273619799014014e-13,1.002927816243296808e-12,1.241828690527715524e-12,1.498381058957854017e-12,1.755522124318637628e-12,1.984648983963502232e-12,2.140941933788591519e-12,2.157239925080578379e-12,1.936110731157256953e-12,1.339689846367294808e-12,1.767847386550707749e-13,-1.813345383684895094e-12,-4.981219568813068490e-12,-9.792164126521432844e-12,-1.685704144688160690e-11,-2.696969701736242530e-11,-4.115226421354486582e-11,-6.070958773209391700e-11,-8.729414297458345111e-11,-1.229829333872486668e-10,-1.703679312229974532e-10,-2.326616763881685766e-10,-3.138196450806968749e-10,-4.186809202094393490e-10,-5.531285051320690946e-10,-7.242702739769430255e-10,-9.406409802284842348e-10,-1.212424858968594672e-09,-1.551697029361795346e-09,-1.972679953621162465e-09,-2.492008385896967879e-09,-3.128992197765842494e-09,-3.905860704269536375e-09,-4.847963948328427519e-09,-5.983894873514555679e-09,-7.345480093332610537e-09,-8.967564203001092009e-09,-1.088748072757232485e-08,-1.314405835052973442e-08,-1.577594921438468290e-08,-1.881898027452257572e-08,-2.230211002018523067e-08,-2.624140932793105335e-08,-3.063126062123539903e-08,-3.543166226895992752e-08,-4.055010654731331987e-08,-4.581593157605488430e-08,-5.094428062581006953e-08,-5.548577117782761347e-08,-5.875659714078480542e-08,-5.974195295784078275e-08,-5.696324095925360514e-08,-4.829633069292900438e-08,-3.072396620590853475e-08,0.000000000000000000e+00
0.000000000000000000e+00,1.106390098126604011e-14,2.782099075364028537e-14,5.202200934294254895e-14,8.570882135861500558e-14,1.311729897823303196e-13,1.908582269094665400e-13,2.671799310374919684e-13,3.622260094362509280e-13,4.772918615946386458e-13,6.121883098098696821e-13,7.642439254625685739e-13,9.269020705401864640e-13,1.087787475338493484e-12,1.226086692050636382e-12,1.309050666987968519e-12,1.287385325075152628e-12,1.089246842089458371e-12,6.125016245535488476e-13,-2.851535586539194238e-13,-1.798688696591897877e-12,-4.191413594824174870e-12,-7.814475180549927204e-12,-1.313092488031789482e-11,-2.074520640749992197e-11,-3.143902429710767809e-11,-4.621466672325449981e-11,-6.634696920334390743e-11,-9.344521403971353667e-11,-1.295263572581573836e-10,-1.771010514027923232e-10,-2.392739765269971939e-10,-3.198599861804542063e-10,-4.235174968761838297e-10,-5.559003663100099541e-10,-7.238291729637407742e-10,-9.354822656701774082e-10,-1.200606109712304405e-09,-1.530743194954204691e-09,-1.939473921599763802e-09,-2.442666202376894631e-09,-3.058722682464797951e-09,-3.808810012817706431e-09,-4.717046865001689056e-09,-5.810616434276191612e-09,-7.119753773563189665e-09,-8.677536674264468493e-09,-1.051937852816031970e-08,-1.268207931843433981e-08,-1.520223200390872013e-08,-1.811369980661275267e-08,-2.144376676305727517e-08,-2.520740782021834851e-08,-2.939891022380922784e-08,-3.397978417355248602e-08,-3.886150003445390582e-08,-4.388104516770399245e-08,-4.876655750715268908e-08,-5.308930242224064028e-08,-5.619693254427159664e-08,-5.712120202599942879e-08,-5.445096307034942192e-08,-4.615818396150311476e-08,-2.936068208396669887e-08,0.000000000000000000e+00
0.000000000000000000e+00,8.715694074626702624e-15,2.188075891588507708e-14,4.080127122093162760e-14,6.695166830646838239e-14,1.019079055731919219e-13,1.472215544214287697e-13,2.042084848658388516e-13,2.736171489027684142e-13,3.551306638981890855e-13,4.466434771441346334e-13,5.432369149678787672e-13,6.357578811198863656e-13,7.088808305564312503e-13,7.385043375018888368e-13,6.882995144117397316e-13,5.051876332346541175e-13,1.134779841182411838e-13,-5.926562413999708664e-13,-1.758746874658432938e-12,-3.582095637610879926e-12,-6.326862215228463357e-12,-1.034278663158162114e-11,-1.608824814347505834e-11,-2.415846039015414052e-11,-3.531970503939837175e-11,-5.055061147686810427e-11,-7.109159505330112120e-11,-9.850366660578769158e-11,-1.347379152652911008e-10,-1.822170365056290259e-10,-2.439303163898667206e-10,-3.235434751190979534e-10,-4.255246963880249108e-10,-5.552879934477586824e-10,-7.193547461994542248e-10,-9.255337276469630258e-10,-1.183119140968462068e-09,-1.503104995972710975e-09,-1.898412405397655627e-09,-2.384123852301641449e-09,-2.977714853886136645e-09,-3.699268281835794582e-09,-4.571649275285559915e-09,-5.620608335050708465e-09,-6.874765612644000025e-09,-8.365408933327512638e-09,-1.012600940665759674e-08,-1.219131839366122103e-08,-1.459585374197333646e-08,-1.737150558849355988e-08,-2.054388452478260886e-08,-2.412688649964840867e-08,-2.811474463785501938e-08,-3.247055826029167433e-08,-3.710990722986226862e-08,-4.187764008899431457e-08,-4.651522086969021230e-08,-5.061507114997084911e-08,-5.355707184282538442e-08,-5.442069128639560921e-08,-5.186395178540383719e-08,-4.395746996837694349e-08,-2.795789865585375824e-08,0.000000000000000000e+00
0.000000000000000000e+00,6.556035209270341534e-15,1.641849076375449645e-14,3.048653467814621824e-14,4.971649965824346948e-14,7.503262469960176485e-14,1.071764526943954922e-13,1.464690761849083355e-13,1.924521875036299249e-13,2.433635946519309914e-13,2.953901262763562832e-13,3.416252421241108831e-13,3.706397243428532354e-13,3.645510506403125119e-13,2.964499168935626180e-13,1.270103433167242467e-13,-1.999276761822691033e-13,-7.630574581544962476e-13,-1.670891197258155822e-12,-3.070992874704914290e-12,-5.161583385000467631e-12,-8.206013802348269895e-12,-1.255068085659844083e-11,-1.864704351572253298e-11,-2.707849024696774753e-11,-3.859290169221773358e-11,-5.414185109249966803e-11,-7.492748187112955204e-11,-1.024581941724069855e-10,-1.386143540876374009e-10,-1.857253028554398199e-10,-2.466589776259723167e-10,-3.249254455032186442e-10,-4.247955779774162012e-10,-5.514359251307171333e-10,-7.110605487253289375e-10,-9.111000855399811809e-10,-1.160387560323959754e-09,-1.469359343884075098e-09,-1.850268005083778059e-09,-2.317401423819588781e-09,-2.887299117558199596e-09,-3.578951869075243290e-09,-4.413963842725037413e-09,-5.416646623616383328e-09,-6.614000869571103191e-09,-8.035521947416765178e-09,-9.712738842198114508e-09,-1.167835775797324137e-08,-1.396482901900522042e-08,-1.660208244731718131e-08,-1.961407459402403045e-08,-2.301365053698859497e-08,-2.679502925405658598e-08,-3.092295580828534624e-08,-3.531720031865076604e-08,-3.983058917031380058e-08,-4.421808355412142604e-08,-4.809351570214595122e-08,-5.086937782575653328e-08,-5.167343402919459353e-08,-4.923376453353986638e-08,-4.172099282400251608e-08,-2.653268583561549131e-08,0.000000000000000000e+00
0.000000000000000000e+00,4.596482314109382816e-15,1.146336797009513062e-14,2.113274369266757777e-14,3.409474057014465797e-14,5.068893111923060155e-14,7.093274110264841034e-14,9.426171790828564317e-14,1.191486618349589676e-13,1.425588602791640446e-13,1.591866113112616039e-13,1.604034880753685345e-13,1.328309488680491170e-13,5.642847881289067039e-14,-9.803702655836147603e-14,-3.723049550069881330e-13,-8.249171469653111711e-13,-1.536736543544698050e-12,-2.617974877567920808e-12,-4.217068847667500585e-12,-6.531803651048750091e-12,-9.823148833731691819e-12,-1.443234402029305694e-11,-2.080185079349426075e-11,-2.950087101508913173e-11,-4.125621992591633157e-11,-5.698943250370204084e-11,-7.786107101087276663e-11,-1.053232865314636225e-10,-1.411817621791916126e-10,-1.876682231426455372e-10,-2.475247286505537486e-10,-3.241009493322373992e-10,-4.214655610953090001e-10,-5.445327269690923024e-10,-6.992043544646425941e-10,-8.925283564291177016e-10,-1.132872436149537062e-09,-1.430111861656723395e-09,-1.795828148036361342e-09,-2.243513330849064489e-09,-2.788771308580873970e-09,-3.449503164485376267e-09,-4.246056897632310848e-09,-5.201312829513417306e-09,-6.340663032394684519e-09,-7.691824955699155248e-09,-9.284403938000800089e-09,-1.114908362773630690e-08,-1.331627356585962845e-08,-1.581397392531868348e-08,-1.866452131315214194e-08,-2.187974665156875219e-08,-2.545389299134006729e-08,-2.935338955559070776e-08,-3.350223412486436233e-08,-3.776126680162658330e-08,-4.189898156199498585e-08,-4.555066169712163819e-08,-4.816146793764148130e-08,-4.890755857217948593e-08,-4.658725659548426679e-08,-3.947154310113891780e-08,-2.509955008342542831e-08,0.000000000000000000e+00
0.000000000000000000e+00,2.842334090641681384e-15,7.028726830140653807e-15,1.276487488302931758e-14,2.012763516040914892e-14,2.894014074456080642e-14,3.858291179905267045e-14,4.771654373054518476e-14,5.388412420455694225e-14,5.295229468793461659e-14,3.833850160647530694e-14,-4.188709197084443779e-17,-7.719168843742879556e-14,-2.149144056129825346e-13,-4.442901420754769546e-13,-8.089000124836426081e-13,-1.368986871631670482e-12,-2.206778024381366326e-12,-3.433238916169733270e-12,-5.196575955033119924e-12,-7.692861797168249589e-12,-1.117921770575814761e-11,-1.599005483276133518e-11,-2.255694907344733817e-11,-3.143280174972617587e-11,-4.332101957719729875e-11,-5.911053034826275992e-11,-7.991753291745944449e-11,-1.071349577610036509e-10,-1.424906825641339563e-10,-1.881155990517880896e-10,-2.466226531408038960e-10,-3.211979674418884223e-10,-4.157050852533214563e-10,-5.348032236736248297e-10,-6.840801558721790798e-10,-8.701999108428651626e-10,-1.101064815863940483e-09,-1.385990418010116842e-09,-1.735890373751325169e-09,-2.163466303362977056e-09,-2.683394607247196105e-09,-3.312497965853010795e-09,-4.069883176938150133e-09,-4.977018400301094312e-09,-6.057710771521179852e-09,-7.337928308122799865e-09,-8.845386115831616325e-09,-1.060878341681242412e-08,-1.265653115912147021e-08,-1.501474484395309268e-08,-1.770418678379429523e-08,-2.073571684456120253e-08,-2.410363806000112637e-08,-2.777608614257841332e-08,-3.168128681316210754e-08,-3.568806132553035690e-08,-3.957835787074878791e-08,-4.300877107761783895e-08,-4.545691333711343200e-08,-4.614702877664732032e-08,-4.394727530222328261e-08,-3.722849075929618759e-08,-2.367081325459217410e-08,0.000000000000000000e+00
0.000000000000000000e+00,1.293712983436662800e-15,3.114800346648582016e-15,5.383125089088810894e-15,7.814937127813330879e-15,9.784698862422787505e-15,1.012247551990325526e-14,6.823292431626976749e-15,-3.362163428572181840e-15,-2.549482805101663396e-14,-6.722255581227269748e-14,-1.398264662106166362e-13,-2.596170838343895994e-13,-4.497777892418213003e-13,-7.427753554160481959e-13,-1.183483498422079596e-12,-1.833195833955740217e-12,-2.774739795870817613e-12,-4.118943290163612546e-12,-6.012751413485574602e-12,-8.649341645660628401e-12,-1.228064257921479575e-11,-1.723272333637065977e-11,-2.392458795712779633e-11,-3.289098050612852578e-11,-4.480988129979897335e-11,-6.053545080076378757e-11,-8.113725293514206180e-11,-1.079466604650036239e-10,-1.426114069067636688e-10,-1.871592958960998956e-10,-2.440721010487166549e-10,-3.163706751564767458e-10,-4.077122203240420035e-10,-5.225005273304909721e-10,-6.660097410361867559e-10,-8.445218042996832218e-10,-1.065477112945822263e-09,-1.337636990822030355e-09,-1.671255243111286607e-09,-2.078254093632589877e-09,-2.572397012739557304e-09,-3.169446952073094433e-09,-3.887292837275879548e-09,-4.746019152636305938e-09,-5.767882136566842041e-09,-6.977140176414563855e-09,-8.399663616553857126e-09,-1.006221784523570784e-08,-1.199126971700066221e-08,-1.421110631313401658e-08,-1.674097020119127036e-08,-1.959079782285927016e-08,-2.275498535470026067e-08,-2.620338308216425005e-08,-2.986841317631202801e-08,-3.362678762575333439e-08,-3.727373426213882481e-08,-4.048686824071409264e-08,-4.277580694846023557e-08,-4.341223065977763231e-08,-4.133322604126899650e-08,-3.500826906878482051e-08,-2.225692198833267073e-08,0.000000000000000000e+00
0.000000000000000000e+00,-5.345716408419402273e-17,-2.888061530774496888e-16,-1.032404562674739336e-15,-2.877241741982731550e-15,-6.831537151611583164e-15,-1.453165449111178837e-14,-2.854204167336712728e-14,-5.277152759138241550e-14,-9.304349193587909123e-14,-1.578674531375940639e-13,-2.594717992456095982e-13,-4.151720506607726225e-13,-6.491665475320829915e-13,-9.948721695035664056e-13,-1.497936999713699241e-12,-2.220095112361766535e-12,-3.244061248071531524e-12,-4.679700359318835171e-12,-6.671749112356528606e-12,-9.409413583132975122e-12,-1.313821961456531521e-11,-1.817454946888743622e-11,-2.492336013849317029e-11,-3.389964429617434015e-11,-4.575426330091810510e-11,-6.130485134366753984e-11,-8.157255845839129923e-11,-1.078254645835588320e-10,-1.416295527893432061e-10,-1.849081712236795592e-10,-2.400109321064837634e-10,-3.097929810012229404e-10,-3.977055051632380957e-10,-5.078982146125898396e-10,-6.453342939538746963e-10,-8.159179453122646698e-10,-1.026634064832829294e-09,-1.285698735160396593e-09,-1.602717959000774127e-09,-1.988850242052161943e-09,-2.456966028894554528e-09,-3.021793281555534955e-09,-3.700033216210475473e-09,-4.510422746440323639e-09,-5.473709637651956181e-09,-6.612491524501271150e-09,-7.950849069578465342e-09,-9.513674277095360994e-09,-1.132555405059372635e-08,-1.340901200672875200e-08,-1.578183218114157715e-08,-1.845307821174948681e-08,-2.141726949785585258e-08,-2.464596636898635220e-08,-2.807572884001286265e-08,-3.159102051494760667e-08,-3.500009396892046784e-08,-3.800116798984981682e-08,-4.013522661557037586e-08,-4.072045157800497803e-08,-3.876153525981872803e-08,-3.282477085857350374e-08,-2.086670118940851628e-08,0.000000000000000000e+00
0.000000000000000000e+00,-1.206577785971536221e-15,-3.200903460751949093e-15,-6.517523809501672970e-15,-1.200941858015300240e-14,-2.100432071522549546e-14,-3.552472906884229799e-14,-5.859337958206896762e-14,-9.465216225678992118e-14,-1.501301429822664000e-13,-2.342057270997712517e-13,-3.598193668311155276e-13,-5.450068719133669923e-13,-8.146396559745579980e-13,-1.202677478017268145e-12,-1.755061762110484975e-12,-2.533403737115068014e-12,-3.619651750963070505e-12,-5.121956462890629274e-12,-7.181991425507046963e-12,-9.984029974022450034e-12,-1.376612735997878391e-11,-1.883380955765381319e-11,-2.557672677570587785e-11,-3.448878978813973694e-11,-4.619236975696061869e-11,-6.146720577889282400e-11,-8.128472685244811466e-11,-1.068485534075505013e-10,-1.396419939440089936e-10,-1.814833891731279341e-10,-2.345901717961459750e-10,-3.016524943158928235e-10,-3.859172157738759033e-10,-4.912829112441095443e-10,-6.224063477599389621e-10,-7.848205186169287095e-10,-9.850637907109683918e-10,-1.230818920845399930e-09,-1.531059529893125845e-09,-1.896199937703481786e-09,-2.338241844467302129e-09,-2.870907897142240825e-09,-3.509747282606842417e-09,-4.272191553557716209e-09,-5.177529094948784087e-09,-6.246752828797490067e-09,-7.502216335542090830e-09,-8.967006326586270304e-09,-1.066390127819610176e-08,-1.261373282706516818e-08,-1.483289247342316009e-08,-1.732962338250806759e-08,-2.009859495014012698e-08,-2.311306187802216329e-08,-2.631364037859352968e-08,-2.959236580568904917e-08,-3.277019385840701843e-08,-3.556542564442427529e-08,-3.754961484647964096e-08,-3.808627379182230616e-08,-3.624603123255211388e-08,-3.068967467884326704e-08,-1.950756278665843167e-08,0.000000000000000000e+00
0.000000000000000000e+00,-2.175603643717026429e-15,-5.646763561702102718e-15,-1.112025375688688282e-14,-1.966253918502878195e-14,-3.286130983207893005e-14,-5.304963004311592065e-14,-8.361348002036902085e-14,-1.294092949755392109e-13,-1.973252769655803343e-13,-2.970289987580801219e-13,-4.419543948494260903e-13,-6.505939194203819216e-13,-9.481767391031970342e-13,-1.368831626229788626e-12,-1.958354036257444200e-12,-2.777720996140324546e-12,-3.907525184779327901e-12,-5.453531203776367852e-12,-7.553592712927390529e-12,-1.038620895652194576e-11,-1.418104323894538319e-11,-1.923177397753380449e-11,-2.591170072650178150e-11,-3.469258243029929278e-11,-4.616724219539063776e-11,-6.107653069705530292e-11,-8.034129702056916068e-11,-1.051000685743084407e-10,-1.367531869922337344e-10,-1.770141795789882556e-10,-2.279691588785637095e-10,-2.921450268070549772e-10,-3.725872013017554189e-10,-4.729474643436095232e-10,-5.975823250874278571e-10,-7.516619651379913383e-10,-9.412893348562049885e-10,-1.173628229779765627e-09,-1.457038095881353352e-09,-1.801211751968582497e-09,-2.217309980369877928e-09,-2.718083746089489739e-09,-3.317970270183709817e-09,-4.033142758299441858e-09,-4.881484504460641524e-09,-5.882445284422383165e-09,-7.056719934840323772e-09,-8.425663721295757404e-09,-1.001032367937794454e-08,-1.182991564447079173e-08,-1.389950778709516915e-08,-1.622657579434628413e-08,-1.880596239428988724e-08,-2.161259118632608087e-08,-2.459103349577066596e-08,-2.764068278155147082e-08,-3.059482138992436738e-08,-3.319122588805911194e-08,-3.503109269429381623e-08,-3.552190024148855718e-08,-3.379825958646333419e-08,-2.861271528054502277e-08,-1.818567892873499062e-08,0.000000000000000000e+00
0.000000000000000000e+00,-2.972367806983469873e-15,-7.656410136518512354e-15,-1.489759168507341973e-14,-2.593255559048949005e-14,-4.255357783537435820e-14,-6.733415802121882908e-14,-1.039355004839781805e-13,-1.575190841417817636e-13,-2.352972004766947523e-13,-3.472614698066623615e-13,-5.071391601179079701e-13,-7.336388822301050755e-13,-1.052061186999459341e-12,-1.496366021674412983e-12,-2.111808193523489062e-12,-2.958274213460488042e-12,-4.114479406668941852e-12,-5.683213204401184291e-12,-7.797853243031027368e-12,-1.063040539061088563e-11,-1.440136709264028732e-11,-1.939175533506607224e-11,-2.595768774023034240e-11,-3.454795528089939663e-11,-4.572507695171578901e-11,-6.019037920903298050e-11,-7.881369428647323221e-11,-1.026683191267701964e-10,-1.330719172220261596e-10,-1.716340744458192976e-10,-2.203112305871496127e-10,-2.814696919657601138e-10,-3.579573750969737573e-10,-4.531848200787364754e-10,-5.712158217888914083e-10,-7.168677243595270027e-10,-8.958209637526653737e-10,-1.114736759853906318e-09,-1.381380862023825732e-09,-1.704749811654309643e-09,-2.095194120176671127e-09,-2.564529814904714312e-09,-3.126125617411010056e-09,-3.794947083281248712e-09,-4.587530638399507811e-09,-5.521848603948061390e-09,-6.617009629335012848e-09,-7.892715532838011764e-09,-9.368362733374252589e-09,-1.106163059139165851e-08,-1.298633505003021497e-08,-1.514923712779592549e-08,-1.754537273484944409e-08,-2.015130032729252092e-08,-2.291542902558295744e-08,-2.574426910663046822e-08,-2.848300863611819669e-08,-3.088822375609943403e-08,-3.258972197839204398e-08,-3.303742698683324383e-08,-3.142774737187043035e-08,-2.660191010804792973e-08,-1.690612705946181556e-08,0.000000000000000000e+00
0.000000000000000000e+00,-3.609998050188728902e-15,-9.263140558434036141e-15,-1.791271390442667721e-14,-3.092573771392578790e-14,-5.024827314110206921e-14,-7.863004028711529894e-14,-1.199270524861555389e-13,-1.795060457906574971e-13,-2.647806899511655701e-13,-3.859171063451240348e-13,-5.567553007352624445e-13,-7.960039727937634122e-13,-1.128779031485939546e-12,-1.588571275600044303e-12,-2.219746343933216686e-12,-3.080700445505418264e-12,-4.247818775048553309e-12,-5.820410100400724470e-12,-7.926820925985649992e-12,-1.073196597119161811e-11,-1.444654844060919015e-11,-1.933828356483445102e-11,-2.574548184989497323e-11,-3.409339386792120542e-11,-4.491376544781664766e-11,-5.886809961232408733e-11,-7.677516790646088593e-11,-9.964335658500705098e-11,-1.287084693349275002e-10,-1.654776335093754209e-10,-2.117799653683361244e-10,-2.698246334916348852e-10,-3.422669072287295556e-10,-4.322826733528923785e-10,-5.436517275006791896e-10,-6.808498674099475974e-10,-8.491493901401822787e-10,-1.054726965800610910e-09,-1.304776941766170746e-09,-1.607626805229338198e-09,-1.972849630631485471e-09,-2.411365625653229047e-09,-2.935521032099502319e-09,-3.559127168283167510e-09,-4.297434661389316627e-09,-5.167006994664660028e-09,-6.185442106919801688e-09,-7.370869155198605097e-09,-8.741117227875370848e-09,-1.031241038550235125e-08,-1.209738425426261551e-08,-1.410213713085901683e-08,-1.632191449690603321e-08,-1.873486820683526771e-08,-2.129311449596995877e-08,-2.391001696240030589e-08,-2.644221318064346538e-08,-2.866434848701460908e-08,-3.023372723609952215e-08,-3.064107391996455824e-08,-2.914222676886809480e-08,-2.466375121925440732e-08,-1.567301286651528867e-08,0.000000000000000000e+00
0.000000000000000000e+00,-4.102418420762237244e-15,-1.050226359806199016e-14,-2.023258686008203586e-14,-3.475466932522276613e-14,-5.612235049111246075e-14,-8.720354344021069802e-14,-1.319765848808410196e-13,-1.959237767744066651e-13,-2.865502282212865761e-13,-4.140630774082714398e-13,-5.922545557870821133e-13,-8.396423566464941550e-13,-1.180932605648598485e-12,-1.648884626606328994e-12,-2.286672877871745746e-12,-3.150860122721657662e-12,-4.315117294136295918e-12,-5.874849794500868188e-12,-7.952917263761150781e-12,-1.070666422174578136e-11,-1.433651242118282285e-11,-1.909640210101856760e-11,-2.530640831664162228e-11,-3.336789965842992467e-11,-4.378164920976598360e-11,-5.716935046300813851e-11,-7.429903259104652778e-11,-9.611490786651435641e-11,-1.237722162561096603e-10,-1.586776543648253899e-10,-2.025359825887277838e-10,-2.574033881754222365e-10,-3.257481327074776199e-10,-4.105189161946253253e-10,-5.152212267962290932e-10,-6.440016876168418149e-10,-8.017400212491230137e-10,-9.941476741171650297e-10,-1.227871299012329206e-09,-1.510598076446266097e-09,-1.851158109486705999e-09,-2.259616635105117804e-09,-2.747345251251289932e-09,-3.327056331812215281e-09,-4.012777686549792980e-09,-4.819734473953147143e-09,-5.764091211621267703e-09,-6.862486810815332909e-09,-8.131267616624276676e-09,-9.585284326023402272e-09,-1.123606406996876887e-08,-1.308909297547209188e-08,-1.513983911212204922e-08,-1.736799993091978503e-08,-1.972925732183014188e-08,-2.214354732568376537e-08,-2.447847363741205030e-08,-2.652597872725211735e-08,-2.796968644289012964e-08,-2.833938298032611745e-08,-2.694782725882498434e-08,-2.280337013715265472e-08,-1.448957588390259199e-08,0.000000000000000000e+00
0.000000000000000000e+00,-4.463929287450015083e-15,-1.141003590579616681e-14,-2.192595450044053190e-14,-3.753487485353128534e-14,-6.035729021095097638e-14,-9.332756624976025524e-14,-1.404819154657612630e-13,-2.073387211609514797e-13,-3.013974693172292712e-13,-4.327889745381242681e-13,-6.151173013675461065e-13,-8.665429707172441684e-13,-1.211167898782279448e-12,-1.680795244520175578e-12,-2.317152143823187614e-12,-3.174680379624479809e-12,-4.324019557382787027e-12,-5.856329477704931138e-12,-7.888623234237375315e-12,-1.057031016896643891e-11,-1.409117816265907020e-11,-1.869107769339046890e-11,-2.467160539026028745e-11,-3.241012199156587945e-11,-4.237647800205321985e-11,-5.515285894315850136e-11,-7.145719951497272539e-11,-9.217065032191021206e-11,-1.183696094301388311e-10,-1.513628503369492940e-10,-1.927342830344099253e-10,-2.443918690063625006e-10,-3.086231649149079832e-10,-3.881578805138724601e-10,-4.862376859825080652e-10,-6.066932671897944781e-10,-7.540282689086088808e-10,-9.335092356665977856e-10,-1.151259887052732874e-09,-1.414356948940698160e-09,-1.730923162940909838e-09,-2.110210813884381825e-09,-2.562665867844390701e-09,-3.099958205052658609e-09,-3.734956907040441427e-09,-4.481620336990725972e-09,-5.354757750140956881e-09,-6.369600875600147531e-09,-7.541098226608394589e-09,-8.882808928297466099e-09,-1.040522261667319441e-08,-1.211326199870008879e-08,-1.400262751481183198e-08,-1.605450907383615267e-08,-1.822800431088031941e-08,-2.044932775113535942e-08,-2.259654582510506188e-08,-2.447809572672682262e-08,-2.580269758801889008e-08,-2.613739112628453910e-08,-2.484924321350950827e-08,-2.102468154919927418e-08,-1.335828152022648832e-08,0.000000000000000000e+00
0.000000000000000000e+00,-4.708858958539970666e-15,-1.202277978231830772e-14,-2.306166884401137121e-14,-3.938202168978780175e-14,-6.313471899882635867e-14,-9.727508351387547792e-14,-1.458407239556676413e-13,-2.143167161044244843e-13,-3.101125666983704899e-13,-4.431813161448838106e-13,-6.268182175331701948e-13,-8.786848494000096326e-13,-1.222114453954439583e-12,-1.687765921681919319e-12,-2.315707347984886367e-12,-3.158025641754730638e-12,-4.282076428664882897e-12,-5.774508597541334673e-12,-7.746220382533236327e-12,-1.033842889953997224e-11,-1.373006253220772430e-11,-1.814671536394967946e-11,-2.387143472473844381e-11,-3.125764644785747354e-11,-4.074455698286660161e-11,-5.287540618079647883e-11,-6.831897808764964201e-11,-8.789480770411916503e-11,-1.126025470007975517e-10,-1.436559702529810781e-10,-1.825221025112559270e-10,-2.309659396215903189e-10,-2.911011851885359302e-10,-3.654473474900142619e-10,-4.569934012068367017e-10,-5.692680019338478971e-10,-7.064159134304337081e-10,-8.732798227686897621e-10,-1.075486012369106263e-09,-1.319531339011443548e-09,-1.612867509035574311e-09,-1.963976553461360653e-09,-2.382428438938085890e-09,-2.878907537355913181e-09,-3.465188708780164140e-09,-4.154035314856555895e-09,-4.958979575405173372e-09,-5.893928920741818760e-09,-6.972518449457418479e-09,-8.207096612053152769e-09,-9.607185135907487578e-09,-1.117718995234710176e-08,-1.291305060236789464e-08,-1.479739192025524704e-08,-1.679257103374504067e-08,-1.883077775114657768e-08,-2.080002422611531823e-08,-2.252441964003175496e-08,-2.373652658748135005e-08,-2.403878369116151553e-08,-2.284988230797816693e-08,-1.933051046228795971e-08,-1.228090245319594342e-08,0.000000000000000000e+00
0.000000000000000000e+00,-4.851279924719948294e-15,-1.237616465354806707e-14,-2.370733048494790138e-14,-4.040964227963676705e-14,-6.463284511642744810e-14,-9.931381060312497185e-14,-1.484428175607648800e-13,-2.174120504024738566e-13,-3.134689952295151163e-13,-4.463028327396908356e-13,-6.287984089341986597e-13,-8.780000594136405315e-13,-1.216336628157844702e-12,-1.673169618411622757e-12,-2.286738702387450109e-12,-3.106592952205789871e-12,-4.196612277119410333e-12,-5.638741778593984326e-12,-7.537582147381371461e-12,-1.002600185845142443e-11,-1.327196173727070145e-11,-1.748676935329133898e-11,-2.293500940781856779e-11,-2.994642643921298404e-11,-3.893006719163902794e-11,-5.039102105688809420e-11,-6.495012694650349775e-11,-8.336704219286866654e-11,-1.065670914390621387e-10,-1.356723279917153287e-10,-1.720372427233530366e-10,-2.172895407527137291e-10,-2.733763661166813989e-10,-3.426162788020860065e-10,-4.277571619262101462e-10,-5.320400386310848740e-10,-6.592684789382878247e-10,-8.138828348058918328e-10,-1.001037898099053589e-09,-1.226681647838099214e-09,-1.497631422032650611e-09,-1.821641948942603990e-09,-2.207456967351534036e-09,-2.664832323733743756e-09,-3.204512989836803068e-09,-3.838138743641126546e-09,-4.578042386492190210e-09,-5.436889056905256125e-09,-6.427083680321845175e-09,-7.559843419520786724e-09,-8.843789792971948081e-09,-1.028285628111147532e-08,-1.187322541431392100e-08,-1.359889590905927192e-08,-1.542532369314684148e-08,-1.729036483529066338e-08,-1.909145221757822386e-08,-2.066753280955840961e-08,-2.177374070816364930e-08,-2.204603242488253060e-08,-2.095199890071379326e-08,-1.772270635196916712e-08,-1.125859165128103621e-08,0.000000000000000000e+00
0.000000000000000000e+00,-4.904782890446924678e-15,-1.250463493896066996e-14,-2.392820628122532171e-14,-4.072732111652629508e-14,-6.502362206966994979e-14,-9.970196008305583993e-14,-1.486639827035256404e-13,-2.171587718962349274e-13,-3.122115008004094220e-13,-4.431760332405665403e-13,-6.224433062367877401e-13,-8.663443485282760627e-13,-1.196295037768335315e-12,-1.640239329255798107e-12,-2.234458842564050488e-12,-3.025829505627582697e-12,-4.074620552068591479e-12,-5.457947648573724175e-12,-7.274010364792418611e-12,-9.647264613630852094e-12,-1.273470304967914762e-11,-1.673344060283248187e-11,-2.188982812408107178e-11,-2.851034417763080861e-11,-3.697454280060414042e-11,-4.775036281494622886e-11,-6.141213096565143506e-11,-7.866161533179884054e-11,-1.003525051415575892e-10,-1.275187056319741159e-10,-1.614068382559317609e-10,-2.035133223090844840e-10,-2.556263769653058182e-10,-3.198732130972871058e-10,-3.987725686068018023e-10,-4.952925603282950419e-10,-6.129135531692945410e-10,-7.556953452392097051e-10,-9.283473828280667354e-10,-1.136299875497225976e-09,-1.385772471984510829e-09,-1.683835430358189016e-09,-2.038455756495437724e-09,-2.458517291250845182e-09,-2.953798773484371333e-09,-3.534886897096017257e-09,-4.212991481378194077e-09,-4.999615922688900064e-09,-5.906016476292791433e-09,-6.942356393645058067e-09,-8.116422427085946770e-09,-9.431717470606071385e-09,-1.088466832713652325e-08,-1.246058386435627414e-08,-1.412785539355105782e-08,-1.582969344455174762e-08,-1.747242364456280231e-08,-1.890899290905829623e-08,-1.991583062211956072e-08,-2.016052145107064451e-08,-1.915681550393036175e-08,-1.620224697985955275e-08,-1.029194873352944747e-08,0.000000000000000000e+00
0.000000000000000000e+00,-4.882301978044605621e-15,-1.244096755733006352e-14,-2.378639251086806875e-14,-4.043929346878782233e-14,-6.447055752290239222e-14,-9.868496570559373170e-14,-1.468612419175845920e-13,-2.140639874375349929e-13,-3.070468216233893406e-13,-4.347705658221982098e-13,-6.090656924480270932e-13,-8.454746345518050906e-13,-1.164317038164543431e-12,-1.592029767908705316e-12,-2.162843572252325467e-12,-2.920869898642087903e-12,-3.922684528692369252e-12,-5.240509567889035649e-12,-6.966111931944034215e-12,-9.215554841372109805e-12,-1.213495893064749486e-11,-1.590745128989402303e-11,-2.076150388309505862e-11,-2.698088700360463505e-11,-3.491648825469500707e-11,-4.500027229550741910e-11,-5.776168031934636520e-11,-7.384678962579756973e-11,-9.404057092915225761e-11,-1.192925917849793170e-10,-1.507465153963782361e-10,-1.897737305257301243e-10,-2.380114139946866467e-10,-2.974052635615246532e-10,-3.702570336015794655e-10,-4.592768418215497565e-10,-5.676399680145104006e-10,-6.990475013971876807e-10,-8.577896629104699619e-10,-1.048809864337352579e-09,-1.277766469893790439e-09,-1.551087660322050142e-09,-1.876012569739724818e-09,-2.260608696870103361e-09,-2.713751098205540436e-09,-3.245042508528339820e-09,-3.864644544726392110e-09,-4.582977472766762324e-09,-5.410228182379770911e-09,-6.355580979073656883e-09,-7.426050751796079851e-09,-8.624749132726891954e-09,-9.948346125299163812e-09,-1.138339509350275963e-08,-1.290105813360012066e-08,-1.444958836096754042e-08,-1.594367757721623994e-08,-1.724943803260614135e-08,-1.816332336923082255e-08,-1.838266351436339924e-08,-1.746463465147884811e-08,-1.476933386165454749e-08,-9.381080938596201795e-09,0.000000000000000000e+00
0.000000000000000000e+00,-4.795984792305071493e-15,-1.221594308066273674e-14,-2.334019322609138644e-14,-3.964340508013016945e-14,-6.312708792505505737e-14,-9.649305459443565277e-14,-1.433693429008527024e-13,-2.086029102055967746e-13,-2.986368403300127438e-13,-4.219939069749797169e-13,-5.898932248350698263e-13,-8.170324954095950497e-13,-1.122575130335231407e-12,-1.531389424031942281e-12,-2.075596061240495046e-12,-2.796490689475166267e-12,-3.746920156007169016e-12,-4.994204380019758438e-12,-6.623710752705842972e-12,-8.743204444066556209e-12,-1.148811600823335701e-11,-1.502788711739987387e-11,-1.957357593150148003e-11,-2.538692523105188643e-11,-3.279111856735504907e-11,-4.218347169771956722e-11,-5.405032761317023259e-11,-6.898444235388169142e-11,-8.770516393691540678e-11,-1.110817159037403470e-10,-1.401598972421038189e-10,-1.761924976434964477e-10,-2.206736955536609799e-10,-2.753776483775720926e-10,-3.424013884918853050e-10,-4.242119899116553526e-10,-5.236977467088703034e-10,-6.442227746844695048e-10,-7.896839685615546392e-10,-9.645685559981939839e-10,-1.174009498975015489e-09,-1.423834577891996968e-09,-1.720602977640144777e-09,-2.071620329050049602e-09,-2.484919092912433884e-09,-2.969185414920532042e-09,-3.533605439088277513e-09,-4.187592582277677723e-09,-4.940341104848369711e-09,-5.800128606260481183e-09,-6.773258265905452435e-09,-7.862487209634944504e-09,-9.064725472694290487e-09,-1.036770404099977504e-08,-1.174519139404962837e-08,-1.315017366312261349e-08,-1.450518752422598277e-08,-1.568868519173901469e-08,-1.651588784586388380e-08,-1.671200821953320875e-08,-1.587494282881267588e-08,-1.342348082234723209e-08,-8.525659626568176438e-09,0.000000000000000000e+00
0.000000000000000000e+00,-4.657101396761402973e-15,-1.185811546599124507e-14,-2.264368526982589466e-14,-3.843038497991526706e-14,-6.113544384050183406e-14,-9.333955517043961576e-14,-1.384983163759117758e-13,-2.012154227479223348e-13,-2.875938446786969256e-13,-4.056849376924004907e-13,-5.660598567282463367e-13,-7.825328652374257327e-13,-1.073072244416961497e-12,-1.460941618314831870e-12,-1.976122715005916822e-12,-2.657079975418003898e-12,-3.552938082042041903e-12,-4.726155475410729850e-12,-6.255790298415571196e-12,-8.241469965402687032e-12,-1.080819165801606914e-11,-1.411209840783814851e-11,-1.834739386595388381e-11,-2.375457811261198247e-11,-3.063020653060123798e-11,-3.933839329394018130e-11,-5.032429963381648207e-11,-6.412986367570731903e-11,-8.141204185099694083e-11,-1.029638397067557931e-10,-1.297384096826880457e-10,-1.628764814064704930e-10,-2.037373611819905729e-10,-2.539336845234365857e-10,-3.153700189101547020e-10,-3.902852794682631956e-10,-4.812987183577711032e-10,-5.914589514212110833e-10,-7.242950536642573385e-10,-8.838681323955668691e-10,-1.074820893923450667e-09,-1.302421444023933352e-09,-1.572595744669238490e-09,-1.891940564781692475e-09,-2.267705094118561703e-09,-2.707724191459533395e-09,-3.220278887141821102e-09,-3.813849384260295048e-09,-4.496711189477742565e-09,-5.276304470477567274e-09,-6.158277956214017051e-09,-7.145068463890994512e-09,-8.233821055996549412e-09,-9.413376891265729457e-09,-1.065994785178574720e-08,-1.193094790782774516e-08,-1.315624593775509183e-08,-1.422582320413252753e-08,-1.497243392658466606e-08,-1.514734344249356858e-08,-1.438650763046388100e-08,-1.216359665110982515e-08,-7.724972966934513159e-09,0.000000000000000000e+00
0.000000000000000000e+00,-4.475986656625923771e-15,-1.139366631654530859e-14,-2.174644335022449108e-14,-3.688338676992987083e-14,-5.862593602184861799e-14,-8.941983589290357798e-14,-1.325319502912754227e-13,-1.923039394540593275e-13,-2.744775958638645811e-13,-3.866099944651764519e-13,-5.386006019837934672e-13,-7.433571922440998939e-13,-1.017632916468655707e-12,-1.383073267813211243e-12,-1.867519044324471843e-12,-2.506619835365424466e-12,-3.345822104923452086e-12,-4.442806677527834294e-12,-5.870462383292061718e-12,-7.720495792283369864e-12,-1.010779132925737103e-11,-1.317565151946112064e-11,-1.710206351833596394e-11,-2.210715517849224520e-11,-2.846202134905112357e-11,-3.649911838124261814e-11,-4.662444123341814954e-11,-5.933171217647639529e-11,-7.521882160212192960e-11,-9.500676806905699123e-11,-1.195613440794710145e-10,-1.499178028553091174e-10,-1.873087150137809441e-10,-2.331951761717184434e-10,-2.893014482490309251e-10,-3.576529960890619143e-10,-4.406176993115549628e-10,-5.409497520583542730e-10,-6.618353750146262445e-10,-8.069389044425550127e-10,-9.804470204969043737e-10,-1.187107730487792200e-09,-1.432259088575996224e-09,-1.721840308954853426e-09,-2.062374629196021318e-09,-2.460908602462794929e-09,-2.924885878705453313e-09,-3.461924188952830937e-09,-4.079451077504201563e-09,-4.784135412898364775e-09,-5.581025745604723289e-09,-6.472270267947389141e-09,-7.455242486985941743e-09,-8.519826295581997323e-09,-9.644516496827799808e-09,-1.079085592718143207e-08,-1.189554451687632067e-08,-1.285930059566489802e-08,-1.353120593949101691e-08,-1.368679069723956084e-08,-1.299746893061468513e-08,-1.098806254485886051e-08,-6.977975259779849921e-09,0.000000000000000000e+00
0.000000000000000000e+00,-4.262010831713459386e-15,-1.084633070813379999e-14,-2.069340061945158513e-14,-3.507775718832147634e-14,-5.571659763154141864e-14,-8.491077792149588220e-14,-1.257270395221994334e-13,-1.822323685934209565e-13,-2.597939261617448686e-13,-3.654610137448941180e-13,-5.084491264955175252e-13,-7.007503692942485213e-13,-9.578994471760016257e-13,-1.299930167564321402e-12,-1.752563983828995500e-12,-2.348679638586890927e-12,-3.130121492986621598e-12,-4.149913703243254164e-12,-5.474958056452382800e-12,-7.189305005671932355e-12,-9.398100214858908507e-12,-1.223232265589611679e-11,-1.585444485025187086e-11,-2.046516099614479852e-11,-2.631134414685098118e-11,-3.369540885446085726e-11,-4.298627014183297323e-11,-5.463210246192877810e-11,-6.917511229033161552e-11,-8.726854359867803503e-11,-1.096961345236711638e-10,-1.373942331255580400e-10,-1.714767561400428411e-10,-2.132631313895621829e-10,-2.643092940834897263e-10,-3.264416984149484306e-10,-4.017941428492571223e-10,-4.928469679024639971e-10,-6.024678372472931405e-10,-7.339528115238828307e-10,-8.910657051871083589e-10,-1.078072689177151921e-09,-1.299767637378813927e-09,-1.561481630691679010e-09,-1.869067072325138130e-09,-2.228842670527737541e-09,-2.647479603875315030e-09,-3.131800791304984003e-09,-3.688453357354282759e-09,-4.323397741698273394e-09,-5.041133553656454949e-09,-5.843549599972806877e-09,-6.728239922029307283e-09,-7.686064244346688634e-09,-8.697643247587665847e-09,-9.728357419784541559e-09,-1.072125057748540699e-08,-1.158700887261417841e-08,-1.218987093075350200e-08,-1.232789494951411084e-08,-1.170542457013489308e-08,-9.894804788682747373e-09,-6.283333183466401019e-09,0.000000000000000000e+00
0.000000000000000000e+00,-4.023573742534334913e-15,-1.023738273044451229e-14,-1.952482231074570666e-14,-3.308099428332354079e-14,-5.251312354734135829e-14,-7.997069307912011763e-14,-1.183132822287264254e-13,-1.713259910269231377e-13,-2.439946112075431068e-13,-3.428554207041883943e-13,-4.764376944492789402e-13,-6.558208057577112006e-13,-8.953322069497361767e-13,-1.213417693170159896e-12,-1.633721235871909370e-12,-2.186418383872175024e-12,-2.909854823889747240e-12,-3.852550210218114742e-12,-5.075636838096198263e-12,-6.655813146561568007e-12,-8.688903361075095149e-12,-1.129412674899867182e-11,-1.461919283293972426e-11,-1.884635228926705618e-11,-2.419954686319680679e-11,-3.095281505279199482e-11,-3.944012299450494376e-11,-5.006680116262883595e-11,-6.332277614212290999e-11,-7.979779144550888893e-11,-1.001988102043491139e-10,-1.253697829437035479e-10,-1.563139419072693199e-10,-1.942187444798304656e-10,-2.404835250633442687e-10,-2.967498173239196116e-10,-3.649341629334993892e-10,-4.472630087877547998e-10,-5.463089838006814545e-10,-6.650273984187505048e-10,-8.067911676603386659e-10,-9.754214404411632680e-10,-1.175209908941376662e-09,-1.410926908800828092e-09,-1.687806773999726666e-09,-2.011498155725023893e-09,-2.387961698171623359e-09,-2.823289950734416094e-09,-3.323413799493001745e-09,-3.893644790060158618e-09,-4.537981783621726919e-09,-5.258081085213245795e-09,-6.051748272510972779e-09,-6.910753002642938496e-09,-7.817689035998085702e-09,-8.741492369522358393e-09,-9.631079589558794509e-09,-1.040636133357357861e-08,-1.094560195117533982e-08,-1.106770915800856848e-08,-1.050751086043024884e-08,-8.881362947475652533e-09,-5.639469150837483875e-09,0.000000000000000000e+00
0.000000000000000000e+00,-3.768118273743390033e-15,-9.585670009973382469e-15,-1.827637210216477201e-14,-3.095286107451759897e-14,-4.910905323931356966e-14,-7.473960681518147056e-14,-1.104937061033155410e-13,-1.598720898082451242e-13,-2.274782859678021806e-13,-3.193374456216079840e-13,-4.432990408497228094e-13,-6.095430675894734768e-13,-8.312133289034385022e-13,-1.125205929611273703e-12,-1.513146346196626152e-12,-2.022594400227703156e-12,-2.688523205405738564e-12,-3.555125712786704079e-12,-4.678010864789214539e-12,-6.126860583717320773e-12,-7.988628833424238981e-12,-1.037137473484434429e-11,-1.340883307075292322e-11,-1.726583730382849230e-11,-2.214472219684826035e-11,-2.829284490343142391e-11,-3.601137449574165041e-11,-4.566550963615654434e-11,-5.769629156591094672e-11,-7.263418352867478482e-11,-9.111458646967474833e-11,-1.138954520150409616e-10,-1.418771341110478005e-10,-1.761245857909997960e-10,-2.178919510372973978e-10,-2.686495147429878061e-10,-3.301128438012861154e-10,-4.042737615662266715e-10,-4.934325210516936414e-10,-6.002301433325726600e-10,-7.276793156066235134e-10,-8.791914257487380204e-10,-1.058596144124764470e-09,-1.270148303450062056e-09,-1.518514468215530109e-09,-1.808728237524843620e-09,-2.146098583186759368e-09,-2.536048820474173698e-09,-2.983854349531060072e-09,-3.494233988919727379e-09,-4.070731022150739550e-09,-4.714793884576630194e-09,-5.424429830709592257e-09,-6.192253964378881428e-09,-7.002685256446985801e-09,-7.827943231698888641e-09,-8.622363872802554156e-09,-9.314367465708082467e-09,-9.795156460479786534e-09,-9.902873680551771657e-09,-9.400478064835274996e-09,-7.944953722985770436e-09,-5.044601878876118627e-09,0.000000000000000000e+00
0.000000000000000000e+00,-3.502159413041841934e-15,-8.907687580527351776e-15,-1.697925295679396457e-14,-2.874562407050177030e-14,-4.558614917685334149e-14,-6.933983407077258921e-14,-1.024455196541856253e-13,-1.481211817838202856e-13,-2.105921969694704936e-13,-2.953805833870347762e-13,-4.096697852917016961e-13,-5.627625705839044381e-13,-7.666531077661151772e-13,-1.036738331713407268e-12,-1.392698347801033207e-12,-1.859580907351903083e-12,-2.469130953800585272e-12,-3.261412918072051780e-12,-4.286780848873404363e-12,-5.608259595038931716e-12,-7.304409083430236905e-12,-9.472753194779135090e-12,-1.223386472630255424e-11,-1.573620828431177720e-11,-2.016185344242807605e-11,-2.573318081029711794e-11,-3.272071334329149187e-11,-4.145221368651182940e-11,-5.232319477395700931e-11,-6.580899419236512080e-11,-8.247856146278661357e-11,-1.030100993230707562e-10,-1.282086824505259022e-10,-1.590259458621211329e-10,-1.965818848862371045e-10,-2.421887312483652088e-10,-2.973767543241924887e-10,-3.639216671978974634e-10,-4.438730713820987746e-10,-5.395830199979532687e-10,-6.537332715077460091e-10,-7.893590802874874368e-10,-9.498663350094067587e-10,-1.139037381571876574e-09,-1.361018771420472413e-09,-1.620281201142654149e-09,-1.921537693663988471e-09,-2.269600108995487140e-09,-2.669145656698254542e-09,-3.124353230057356276e-09,-3.638352730572345617e-09,-4.212407217952615857e-09,-4.844715113507827851e-09,-5.528674248891533939e-09,-6.250386430632367979e-09,-6.985093773125498595e-09,-7.692117376831165391e-09,-8.307702893868447876e-09,-8.734949859617810823e-09,-8.829690591893991602e-09,-8.380760928706898456e-09,-7.082530552750968330e-09,-4.496784226620583262e-09,0.000000000000000000e+00
0.000000000000000000e+00,-3.231325444062430947e-15,-8.217682532476762314e-15,-1.566040620663926390e-14,-2.650438939678355461e-14,-4.201492803090951254e-14,-6.387678390704729508e-14,-9.432129523920862361e-14,-1.362887187159986918e-13,-1.936346061982077977e-13,-2.713909429340454535e-13,-3.760950442769381320e-13,-5.162018683023088196e-13,-7.025984975662248110e-13,-9.492431196450979623e-13,-1.273954936587947407e-12,-1.699386098010605648e-12,-2.254212015287477389e-12,-2.974582300182240802e-12,-3.905881092680979664e-12,-5.104852695020575011e-12,-6.642156184677811881e-12,-8.605420981919540769e-12,-1.110288410337101463e-11,-1.426769889973150159e-11,-1.826301424907742884e-11,-2.328793217268421473e-11,-2.958446026829983693e-11,-3.744558268702273497e-11,-4.722457889705664871e-11,-5.934572220663223050e-11,-7.431648863032679731e-11,-9.274139935275949012e-11,-1.153376042465500599e-10,-1.429522861205150416e-10,-1.765819206785015885e-10,-2.173933586091472267e-10,-2.667465939661600619e-10,-3.262189330768516028e-10,-3.976300607851403568e-10,-4.830671876556422013e-10,-5.849090126713389817e-10,-7.058465938687948690e-10,-8.488983032793157770e-10,-1.017414737785666169e-09,-1.215067602015509607e-09,-1.445813944832562608e-09,-1.713823396506996423e-09,-2.023350769784709252e-09,-2.378528927189807358e-09,-2.783046305414158787e-09,-3.239658713839337927e-09,-3.749464313156310250e-09,-4.310841724764793785e-09,-4.917910856378179900e-09,-5.558319925979463601e-09,-6.210084430548677802e-09,-6.837096441606157852e-09,-7.382774812609276575e-09,-7.761124115880199172e-09,-7.844192909471907131e-09,-7.444544278569059905e-09,-6.290838982553854967e-09,-3.993938326939571288e-09,0.000000000000000000e+00
0.000000000000000000e+00,-2.960408313891337473e-15,-7.527781890879795146e-15,-1.434275457754377879e-14,-2.426751252693732811e-14,-3.845530701635008913e-14,-5.843993638050804243e-14,-8.625040164880113373e-14,-1.245571411893308379e-13,-1.768576839966699252e-13,-2.477112634590112943e-13,-3.430339400369111940e-13,-4.704681305474833871e-13,-6.398431728912993656e-13,-8.637467071942362083e-13,-1.158230265094951565e-12,-1.543676562711828895e-12,-2.045860618727164163e-12,-2.697241988085390087e-12,-3.538531123855033511e-12,-4.620579149575943114e-12,-6.006647116759782252e-12,-7.775118086268941385e-12,-1.002272302418253761e-11,-1.286835941626948545e-11,-1.645758949972420480e-11,-2.096791283531266353e-11,-2.661491525411756730e-11,-3.365940254468825566e-11,-4.241563196752274953e-11,-5.326075693785921609e-11,-6.664559883617721220e-11,-8.310685328372098268e-11,-1.032808241374136232e-10,-1.279187538207957670e-10,-1.579037790759470541e-10,-1.942694806775389112e-10,-2.382199054318699857e-10,-2.911508065912536938e-10,-3.546716571534615409e-10,-4.306277144884746073e-10,-5.211210189109232005e-10,-6.285286428282891682e-10,-7.555156994458704328e-10,-9.050394694118782303e-10,-1.080339367082064037e-09,-1.284905143465607721e-09,-1.522412426705700879e-09,-1.796610035588529611e-09,-2.111136911661694076e-09,-2.469237227702076037e-09,-2.873329171253862569e-09,-3.324364587515175352e-09,-3.820891050667210448e-09,-4.357692208558827408e-09,-4.923832571061965921e-09,-5.499864052662124587e-09,-6.053856429279298252e-09,-6.535782820968264223e-09,-6.869611430178962367e-09,-6.942208704023527844e-09,-6.587823689212295137e-09,-5.566467824130643764e-09,-3.533888024458412464e-09,0.000000000000000000e+00
0.000000000000000000e+00,-2.693420576157161314e-15,-6.848137136269729025e-15,-1.304547667812407825e-14,-2.206706067457276946e-14,-3.495733252640263880e-14,-5.310394236426542694e-14,-7.834061453170536458e-14,-1.130781834667304775e-13,-1.604707490674880042e-13,-2.246254027869231149e-13,-3.108657424058059923e-13,-4.260614598903215949e-13,-5.790386869154325861e-13,-7.810885503222869422e-13,-1.046594557393738242e-12,-1.393803027895765159e-12,-1.845764841079221384e-12,-2.431481288910264984e-12,-3.187291829444604693e-12,-4.158547010924454565e-12,-5.401615764848616717e-12,-6.986282599383067334e-12,-8.998596888550879116e-12,-1.154424333614349044e-11,-1.475250963711269116e-11,-1.878093414259288519e-11,-2.382072265617287431e-11,-3.010302893989416342e-11,-3.790619753554667839e-11,-4.756406935964828003e-11,-5.947544918528309428e-11,-7.411482817471853494e-11,-9.204444212786619127e-11,-1.139277243514845703e-10,-1.405441772282253228e-10,-1.728056333072356898e-10,-2.117737974488094310e-10,-2.586788454389783963e-10,-3.149386861852636719e-10,-3.821782522417925100e-10,-4.622478358583255691e-10,-5.572389907287569553e-10,-6.694958102598806707e-10,-8.016183823909827136e-10,-9.564537827901594356e-10,-1.137067924977684987e-09,-1.346688687754126660e-09,-1.588606636983806956e-09,-1.866013860782675898e-09,-2.181753262559260299e-09,-2.537939158399543247e-09,-2.935393894059451197e-09,-3.372822626378416617e-09,-3.845616923416348712e-09,-4.344134031711298479e-09,-4.851237908371591862e-09,-5.338804132658648448e-09,-5.762775090221922295e-09,-6.056192902400727165e-09,-6.119420074900823910e-09,-5.806461217779023656e-09,-4.905896108336300760e-09,-3.114388630327871992e-09,0.000000000000000000e+00
0.000000000000000000e+00,-2.433656666594914242e-15,-6.187079684044826316e-15,-1.178430218501677810e-14,-1.992930977327754632e-14,-3.156196271327727699e-14,-4.792980377373297151e-14,-7.067984279263900461e-14,-1.019753414358275734e-13,-1.446437331665270031e-13,-2.023631299815393043e-13,-2.798964165014348152e-13,-3.833837422411640668e-13,-5.207063236489659748e-13,-7.019368878852377179e-13,-9.398948581486167175e-13,-1.250827520874448830e-12,-1.655241949317172944e-12,-2.178916400613819422e-12,-2.854124260443888699e-12,-3.721108375224588781e-12,-4.829848765516817113e-12,-6.242172215370645409e-12,-8.034258014875091409e-12,-1.029960009907057000e-11,-1.315249183603714611e-11,-1.673210557710016124e-11,-2.120724452906770126e-11,-2.678184918518795280e-11,-3.370134397515821297e-11,-4.225991130998708968e-11,-5.280877891144881223e-11,-6.576560100125542406e-11,-8.162500288381426060e-11,-1.009703393211179082e-10,-1.244866865466589688e-10,-1.529750411095900815e-10,-1.873676293388516327e-10,-2.287441296319212706e-10,-2.783484625708874154e-10,-3.376055919164907658e-10,-4.081374755832514300e-10,-4.917768709950689602e-10,-5.905770787014625730e-10,-7.068148237425759191e-10,-8.429822155820811670e-10,-1.001761938732164787e-09,-1.185977288375914203e-09,-1.398505071057373937e-09,-1.642134310221704219e-09,-1.919346531303157754e-09,-2.231983319559038167e-09,-2.580752694829120943e-09,-2.964506043141379957e-09,-3.379189703506285956e-09,-3.816336841431403027e-09,-4.260911872656976691e-09,-4.688245892397112661e-09,-5.059699819417223379e-09,-5.316552172586418163e-09,-5.371416988679776397e-09,-5.096236219183580476e-09,-4.305535855406929687e-09,-2.733154011214446406e-09,0.000000000000000000e+00
0.000000000000000000e+00,-2.183756598109970159e-15,-5.551282475055477529e-15,-1.057181854206422983e-14,-1.787526063352440804e-14,-2.830187984587419822e-14,-4.296609792732473221e-14,-6.333791821886429023e-14,-9.134642875823010160e-14,-1.295107661624855519e-13,-1.811050791351014863e-13,-2.503653826254380147e-13,-3.427477725362209942e-13,-4.652493016346560719e-13,-6.268049249408667145e-13,-8.387763311483893527e-13,-1.115551207064017937e-12,-1.475274552380522844e-12,-1.940737084567098663e-12,-2.540449552921305753e-12,-3.309935911341159537e-12,-4.293282762317303791e-12,-5.544987244046397643e-12,-7.132150530529819887e-12,-9.137069265112311842e-12,-1.166028242920743869e-11,-1.482413619144026081e-11,-1.877693395857228383e-11,-2.369774284776147517e-11,-2.980193070007930233e-11,-3.734750898844107717e-11,-4.664235576285368672e-11,-5.805238805581441698e-11,-7.201074346485916854e-11,-8.902801387947751557e-11,-1.097035476367321175e-10,-1.347377956960820417e-10,-1.649456169393598348e-10,-2.012703692110431067e-10,-2.447984845190898533e-10,-2.967740422509305059e-10,-3.586125895814253348e-10,-4.319130796732468870e-10,-5.184662577857855204e-10,-6.202570549315534911e-10,-7.394574519180285218e-10,-8.784047175466907895e-10,-1.039557712109835832e-09,-1.225420812731624782e-09,-1.438420585147977341e-09,-1.680714073863405589e-09,-1.953898782080071783e-09,-2.258582057413404514e-09,-2.593750299709914950e-09,-2.955854252798163822e-09,-3.337493015531564160e-09,-3.725532737020805483e-09,-4.098431389965807734e-09,-4.422451967180542115e-09,-4.646324047476388363e-09,-4.693746008752651815e-09,-4.452891282556910223e-09,-3.761770704002789585e-09,-2.387881042089540025e-09,0.000000000000000000e+00
0.000000000000000000e+00,-1.945770465795694785e-15,-4.945923599026205499e-15,-9.417781448382036325e-15,-1.592116131262747865e-14,-2.520231211578625797e-14,-3.825021554032549994e-14,-5.636840398800854502e-14,-8.126615826774622071e-14,-1.151737937841170572e-13,-1.609877441319892086e-13,-2.224523257753884287e-13,-3.043864381210354221e-13,-4.129650413754153043e-13,-5.560670814327651159e-13,-7.437036169633312970e-13,-9.885422670885035782e-13,-1.306546753485405951e-12,-1.717753268606334212e-12,-2.247208665452672602e-12,-2.926099028696547034e-12,-3.793101035055674279e-12,-4.895992611017193445e-12,-6.293563697623660965e-12,-8.057872360192229125e-12,-1.027689592955109243e-11,-1.305763118442172757e-11,-1.652970158300492389e-11,-2.084953295667568480e-11,-2.620516152654988793e-11,-3.282173910196228096e-11,-4.096779919694074795e-11,-5.096234363402576428e-11,-6.318280071715980984e-11,-7.807389146554639824e-11,-9.615741720718707753e-11,-1.180429465029010177e-10,-1.444393269023043346e-10,-1.761668703033934474e-10,-2.141699495572575538e-10,-2.595295839774391658e-10,-3.134753619873173930e-10,-3.773957209543837958e-10,-4.528451356501643572e-10,-5.415460986298514718e-10,-6.453828244890841083e-10,-7.663822573330285997e-10,-9.066760406474667892e-10,-1.068434387780117428e-09,-1.253758942990101013e-09,-1.464516292254055838e-09,-1.702086136937976756e-09,-1.966987405472888369e-09,-2.258330538251680904e-09,-2.573023174632282289e-09,-2.904627217019842944e-09,-3.241724630725100318e-09,-3.565593122766061084e-09,-3.846915287055378567e-09,-4.041138159392624890e-09,-4.081953978662649437e-09,-3.872173359644632822e-09,-3.270990465866083740e-09,-2.076271467887478364e-09,0.000000000000000000e+00
0.000000000000000000e+00,-1.721222428870225901e-15,-4.374848573292390607e-15,-8.329422738390733877e-15,-1.407902496416092144e-14,-2.228184806321589810e-14,-3.380958710779768035e-14,-4.981038536345595353e-14,-7.178869654481836300e-14,-1.017061555564536166e-13,-1.421084150316045711e-13,-1.962839204269103413e-13,-2.684617802942320483e-13,-3.640572590367673913e-13,-4.899749951178771722e-13,-6.549818455373159240e-13,-8.701632928258849501e-13,-1.149479636371389459e-12,-1.510440733946627974e-12,-1.974920864498521597e-12,-2.570138344575729255e-12,-3.329827833272733590e-12,-4.295636776518886789e-12,-5.518781126876212722e-12,-7.061999264816913082e-12,-9.001846850074959464e-12,-1.143137902085664257e-11,-1.446326976287795155e-11,-1.823342115759268471e-11,-2.290511727658124105e-11,-2.867377829274650133e-11,-3.577236935044428222e-11,-4.447751508168389610e-11,-5.511636327434885487e-11,-6.807422855683972747e-11,-8.380302690686575099e-11,-1.028304812772359106e-10,-1.257700333425927048e-10,-1.533313301696139605e-10,-1.863310587534038514e-10,-2.257037633760364754e-10,-2.725120828575741469e-10,-3.279555616786962520e-10,-3.933767846759623234e-10,-4.702630084880865715e-10,-5.602406418807287932e-10,-6.650587594303202309e-10,-7.865561750819749861e-10,-9.266042520377818718e-10,-1.087014300881569887e-09,-1.269393724837474980e-09,-1.474928461795457515e-09,-1.704059988108086528e-09,-1.956012140883845142e-09,-2.228104841082294529e-09,-2.514766481404570079e-09,-2.806121579153829214e-09,-3.085981608421293607e-09,-3.328999734242828791e-09,-3.496657744154573008e-09,-3.531626759605781204e-09,-3.349870189983024136e-09,-2.829621700450003334e-09,-1.796051236145777743e-09,0.000000000000000000e+00
0.000000000000000000e+00,-1.511173086339666759e-15,-3.840728532587221452e-15,-7.311750456987412438e-15,-1.235713444864363777e-14,-1.955322995768517132e-14,-2.966287718396964849e-14,-4.369021280141073643e-14,-6.295014942990575879e-14,-8.915606415016983137e-14,-1.245299755671961014e-13,-1.719403618022417803e-13,-2.350737887331480661e-13,-3.186476944262599769e-13,-4.286730273821318426e-13,-5.727769774862653899e-13,-7.605977823731878227e-13,-1.004265548746876683e-12,-1.318985204925923427e-12,-1.723740099432319376e-12,-2.242137376191169239e-12,-2.903419076693855094e-12,-3.743665919179674898e-12,-4.807223846406597353e-12,-6.148386660964613751e-12,-7.833371301513504358e-12,-9.942625446392150191e-12,-1.257351001557844940e-11,-1.584340157930777914e-11,-1.989326140362850934e-11,-2.489171850650869410e-11,-3.103971316758377352e-11,-3.857574415000459932e-11,-4.778175651216548558e-11,-5.898969599602211456e-11,-7.258873873081408411e-11,-8.903317877790462432e-11,-1.088509171638283519e-10,-1.326524392398838975e-10,-1.611400849648606335e-10,-1.951172983331920713e-10,-2.354973724093665890e-10,-2.833109635526867706e-10,-3.397113015228938010e-10,-4.059755273852877396e-10,-4.834998863713475201e-10,-5.737855003670185420e-10,-6.784100209280124025e-10,-7.989784451292281174e-10,-9.370435202044470642e-10,-1.093982129798563278e-09,-1.270808373188503594e-09,-1.467896065364183030e-09,-1.684572197414050581e-09,-1.918527260237544958e-09,-2.164966545347827830e-09,-2.415396264678915744e-09,-2.655896405137805717e-09,-2.864674351677340235e-09,-3.008613664169391246e-09,-3.038423160164054682e-09,-2.881842161744177895e-09,-2.434154431656100374e-09,-1.544987379994724831e-09,0.000000000000000000e+00
0.000000000000000000e+00,-1.316279387001746651e-15,-3.345212152887376642e-15,-6.367837008099218642e-15,-1.076052679275603026e-14,-1.702411530225362442e-14,-2.582113032247901976e-14,-3.802317389158639911e-14,-5.477094505091908763e-14,-7.754993966413755311e-14,-1.082854981497391297e-13,-1.494616177457385942e-13,-2.042688142259246600e-13,-2.767873219967846181e-13,-3.722130741724343166e-13,-4.971352177642754674e-13,-6.598754043777659297e-13,-8.709007624828096387e-13,-1.143324309033198897e-12,-1.493508597344675073e-12,-1.941790620486273616e-12,-2.513348383502832117e-12,-3.239232102737760752e-12,-4.157585653629571362e-12,-5.315086621696922204e-12,-6.768636047633911923e-12,-8.587331603978908825e-12,-1.085476037220477647e-11,-1.367164943601897258e-11,-1.715891394076252543e-11,-2.146114278072442988e-11,-2.675056124429588264e-11,-3.323150719198010473e-11,-4.114545186224030648e-11,-5.077658707557088362e-11,-6.245798586503546383e-11,-7.657832117917845103e-11,-9.358909412673998388e-11,-1.140122747735316005e-10,-1.384481883617207165e-10,-1.675833788736708800e-10,-2.021980370905017610e-10,-2.431723731556283893e-10,-2.914910177658091413e-10,-3.482441140238580740e-10,-4.146231606474429255e-10,-4.919088116869809719e-10,-5.814466225674708394e-10,-6.846050088042071078e-10,-8.027072444333019153e-10,-9.369258820916079040e-10,-1.088123122360393176e-09,-1.256613837062803251e-09,-1.441818386680874052e-09,-1.641759001522334738e-09,-1.852334859292983182e-09,-2.066285091874361647e-09,-2.271713072380610947e-09,-2.449995781067440429e-09,-2.572833840089905682e-09,-2.598104232004284243e-09,-2.464049779519795431e-09,-2.081165155283855492e-09,-1.320902547323908844e-09,0.000000000000000000e+00
0.000000000000000000e+00,-1.136851413103985895e-15,-2.889069635961022987e-15,-5.499092209325025742e-15,-9.291452187283774747e-15,-1.469779814591726011e-14,-2.228885622124394189e-14,-3.281507605612616192e-14,-4.725808876372137455e-14,-6.689556327805372366e-14,-9.338258776386540888e-14,-1.288533356622049201e-13,-1.760475123945974495e-13,-2.384669297969258243e-13,-3.205685318494493450e-13,-4.280013074141894539e-13,-5.678957825116447304e-13,-7.492161933595906795e-13,-9.831870065229922835e-13,-1.283807175059585625e-12,-1.668467395709443821e-12,-2.158687652020101294e-12,-2.780994473970008682e-12,-3.567959588230057411e-12,-4.559423933931046675e-12,-5.803933319487607197e-12,-7.360414218212220670e-12,-9.300120237833935291e-12,-1.170888150830483654e-11,-1.468969042016595128e-11,-1.836565755055571605e-11,-2.288337087900242100e-11,-2.841668903047438913e-11,-3.517099461016047150e-11,-4.338792576586294404e-11,-5.335059159839168390e-11,-6.538925805633741487e-11,-7.988746282840143108e-11,-9.728847668241292241e-11,-1.181019692745798939e-10,-1.429106519311973549e-10,-1.723765472557270809e-10,-2.072463599151652359e-10,-2.483551722408150632e-10,-2.966273305725218270e-10,-3.530728785740712252e-10,-4.187771684478892928e-10,-4.948802504498447312e-10,-5.825411794149798414e-10,-6.828803077521924776e-10,-7.968897112468305092e-10,-9.252977742467697620e-10,-1.068368168957072919e-09,-1.225605342446738827e-09,-1.395327269360985210e-09,-1.574050395835944343e-09,-1.755609691772768784e-09,-1.929906229809729398e-09,-2.081132578582908238e-09,-2.185268288132164010e-09,-2.206558137583352824e-09,-2.092576939671611201e-09,-1.767336309813491164e-09,-1.121687286899410053e-09,0.000000000000000000e+00
0.000000000000000000e+00,-9.729055517256784702e-16,-2.472327524202828973e-15,-4.705518924800187238e-15,-7.949803623695031641e-15,-1.257388410148396881e-14,-1.906504493940877731e-14,-2.806372677029874670e-14,-4.040727128468351820e-14,-5.718502431129942598e-14,-7.980743932998255189e-14,-1.100923568532892386e-13,-1.503722550598589913e-13,-2.036269830942840303e-13,-2.736473095873694457e-13,-3.652355536650357726e-13,-4.844506214687606921e-13,-6.389059539166461141e-13,-8.381302047814667393e-13,-1.094001912810594079e-12,-1.421271004219241543e-12,-1.838181653922216514e-12,-2.367212830159194125e-12,-3.035954724087309294e-12,-3.878141189065582846e-12,-4.934860235546868219e-12,-6.255966480701975717e-12,-7.901721147743052074e-12,-9.944686627960870564e-12,-1.247190359639274316e-11,-1.558737899001431159e-11,-1.941491251587009614e-11,-2.410128734415902998e-11,-2.981984668801707282e-11,-3.677447128189739671e-11,-4.520396222549103352e-11,-5.538681767883788655e-11,-6.764636823179915973e-11,-8.235620123119955138e-11,-9.994575437321668626e-11,-1.209058869515988284e-10,-1.457941340124455430e-10,-1.752392010739014062e-10,-2.099440461957682123e-10,-2.506865952861300664e-10,-2.983167077109320122e-10,-3.537473989602810593e-10,-4.179374598166925505e-10,-4.918613810524368247e-10,-5.764607504843952337e-10,-6.725688276000149076e-10,-7.807965308992895474e-10,-9.013631935689919567e-10,-1.033848599671824850e-09,-1.176833241780071500e-09,-1.327380393140463678e-09,-1.480295028415845661e-09,-1.627068901696685894e-09,-1.754385544431239797e-09,-1.842009989377049131e-09,-1.859820823909357760e-09,-1.763650239314112836e-09,-1.489472403945246375e-09,-9.453102151465773787e-10,0.000000000000000000e+00
0.000000000000000000e+00,-8.242137200901590675e-16,-2.094393500946195130e-15,-3.985949679169634827e-15,-6.733514496408437007e-15,-1.064891489221586021e-14,-1.614410594672153696e-14,-2.376030228001899296e-14,-3.420481728164536113e-14,-4.839744307726708963e-14,-6.752858458062724189e-14,-9.313180614174399762e-14,-1.271739667453326537e-13,-1.721667170577480429e-13,-2.313038163149318562e-13,-3.086295060633217202e-13,-4.092440572390840518e-13,-5.395535918215171709e-13,-7.075723732859071267e-13,-9.232869617386936000e-13,-1.199092937030232874e-12,-1.550316299068420234e-12,-1.995833146227504471e-12,-2.558802790346785654e-12,-3.267531061565636611e-12,-4.156482147888419644e-12,-5.267458847824430975e-12,-6.650972515178586639e-12,-8.367825142720905047e-12,-1.049092683079615653e-11,-1.310737213490116748e-11,-1.632079823341037450e-11,-2.025404616029255577e-11,-2.505214303312313864e-11,-3.088561761112353032e-11,-3.795415270941630596e-11,-4.649056465646903103e-11,-5.676508024070938851e-11,-6.908985278487082428e-11,-8.382361731162976388e-11,-1.013763247957518083e-10,-1.222135094935349991e-10,-1.468600202613061835e-10,-1.759025709080639405e-10,-2.099903136500415224e-10,-2.498322820066300761e-10,-2.961900402664966141e-10,-3.498631528973986609e-10,-4.116640603277036726e-10,-4.823774931682065180e-10,-5.626975016382349875e-10,-6.531322790925336721e-10,-7.538628828179691466e-10,-8.645362379756046930e-10,-9.839648126445842077e-10,-1.109694195789019560e-09,-1.237384294831386807e-09,-1.359928358447495740e-09,-1.466204300134581964e-09,-1.539311841604308174e-09,-1.554092759552540833e-09,-1.473654565965905978e-09,-1.244513011434449515e-09,-7.898261979493503776e-10,0.000000000000000000e+00
0.000000000000000000e+00,-6.903484419836769795e-16,-1.754170663388809329e-15,-3.338263284588118105e-15,-5.638922554081941886e-15,-8.916939908189165170e-15,-1.351672725533704905e-14,-1.989059941521491521e-14,-2.862946684102090743e-14,-4.050145910805020266e-14,-5.650031436768623079e-14,-7.790573804912835448e-14,-1.063583617423138196e-13,-1.439524266594424929e-13,-1.933498814435762790e-13,-2.579202270665138146e-13,-3.419111671229063237e-13,-4.506559338862755983e-13,-5.908240614047566499e-13,-7.707233669430461637e-13,-1.000661978722229784e-12,-1.293380405098352865e-12,-1.664564867415190107e-12,-2.133454399321358162e-12,-2.723555525520996559e-12,-3.463479639436471711e-12,-4.387919456581197419e-12,-5.538782067037491507e-12,-6.966497063487114623e-12,-8.731518869177044806e-12,-1.090604258203258952e-11,-1.357595218111448048e-11,-1.684301852711052570e-11,-2.082736183797728006e-11,-2.567018868736971395e-11,-3.153680628814548388e-11,-3.861990579853255127e-11,-4.714309008001510483e-11,-5.736459754368971289e-11,-6.958113930693675167e-11,-8.413171736354448373e-11,-1.014012204518808458e-10,-1.218234926671592389e-10,-1.458834246205664604e-10,-1.741174096497817127e-10,-2.071112120762381072e-10,-2.454938738000432498e-10,-2.899256874730447390e-10,-3.410774157734007288e-10,-3.995967341523471624e-10,-4.660561752469059292e-10,-5.408744569818121561e-10,-6.241997056602181395e-10,-7.157383561221639356e-10,-8.145068940759752894e-10,-9.184743740015799543e-10,-1.024050804628966857e-09,-1.125358686214125119e-09,-1.213200366678892280e-09,-1.273599963174983531e-09,-1.285752010115623400e-09,-1.219145231144670650e-09,-1.029542856963024026e-09,-6.533826899987408876e-10,0.000000000000000000e+00
0.000000000000000000e+00,-5.707236837838532362e-16,-1.450161037417055508e-15,-2.759581047300453665e-15,-4.661099480927019681e-15,-7.370033661929861137e-15,-1.117065299930331635e-14,-1.643616817657579082e-14,-2.365398660395261028e-14,-3.345748042593287714e-14,-4.666577069469803358e-14,-6.433333214413759289e-14,-8.781157236205205551e-14,-1.188249421209235404e-13,-1.595645951238676872e-13,-2.128031400536980290e-13,-2.820346195980387021e-13,-3.716445131892085620e-13,-4.871152944066015288e-13,-6.352738804889134581e-13,-8.245881880835595513e-13,-1.065520951194265264e-12,-1.370949955523344152e-12,-1.756664884556321788e-12,-2.241952037293606844e-12,-2.850279238279393779e-12,-3.610094280334598501e-12,-4.555751168943136897e-12,-5.728579206999343602e-12,-7.178110478596807756e-12,-8.963481437596881220e-12,-1.115502391309188620e-11,-1.383605967908885891e-11,-1.710491048044742007e-11,-2.107713161530172495e-11,-2.588797121860331691e-11,-3.169504838479533691e-11,-3.868122994964306826e-11,-4.705766632640191570e-11,-5.706691869758160642e-11,-6.898606944193055908e-11,-8.312964970409443047e-11,-9.985213504316504481e-11,-1.195496415195858080e-10,-1.426602853242448268e-10,-1.696624277468802427e-10,-2.010696836979620387e-10,-2.374210835122067054e-10,-2.792640844316852238e-10,-3.271271459620228255e-10,-3.814771947879309761e-10,-4.426553465568978366e-10,-5.107814965143316542e-10,-5.856145245242809874e-10,-6.663494492631436950e-10,-7.513253161997400156e-10,-8.376070996834253356e-10,-9.203903299037292925e-10,-9.921570108602559801e-10,-1.041483632173976073e-09,-1.051363940228392375e-09,-9.968569226474504242e-10,-8.417992260320433577e-10,-5.342243799218800416e-10,0.000000000000000000e+00
0.000000000000000000e+00,-4.646314518545978417e-16,-1.180558339946883137e-15,-2.246442568132756974e-15,-3.794146140799023246e-15,-5.998759212307463725e-15,-9.091379597759934698e-15,-1.337532534974875845e-14,-1.924661102517638021e-14,-2.721969464176316832e-14,-3.795970977342959184e-14,-5.232263966685465795e-14,-7.140517170698440122e-14,-9.660629506657124849e-14,-1.297030758854719058e-13,-1.729434665097759652e-13,-2.291594813756047390e-13,-3.019046045226849077e-13,-3.956198839221717456e-13,-5.158338158718975757e-13,-6.694018269014844608e-13,-8.647919168426204527e-13,-1.112423827862540507e-12,-1.425069939429487706e-12,-1.818326942634065540e-12,-2.311168197090499942e-12,-2.926587489843504575e-12,-3.692345657879892179e-12,-4.641832149619489499e-12,-5.815054012931107148e-12,-7.259764908752876434e-12,-9.032746425358742551e-12,-1.120125302333114967e-11,-1.384463011851190932e-11,-1.705611175082675078e-11,-2.094479948623725819e-11,-2.563781694323598879e-11,-3.128262360996477655e-11,-3.804945597798629712e-11,-4.613384140127238558e-11,-5.575909754831736032e-11,-6.717868364557608496e-11,-8.067820291264489610e-11,-9.657676012005635569e-11,-1.152272419156813410e-10,-1.370148932448281949e-10,-1.623532864747646138e-10,-1.916763863697419000e-10,-2.254248555285404940e-10,-2.640239535446688978e-10,-3.078492642891892863e-10,-3.571749074299407087e-10,-4.120966694184497988e-10,-4.724193722243157511e-10,-5.374934355332902385e-10,-6.059794996253556896e-10,-6.755115040520628684e-10,-7.422168643725135472e-10,-8.000361362750333690e-10,-8.397621526135483514e-10,-8.476878379786421980e-10,-8.037097570852457617e-10,-6.786769372532183500e-10,-4.306962927030242937e-10,0.000000000000000000e+00
0.000000000000000000e+00,-3.712742298256471892e-16,-9.433301889202163164e-16,-1.794961519739754793e-15,-3.031454135384038028e-15,-4.792578595943904934e-15,-7.262772094229439778e-15,-1.068405151942444339e-14,-1.537231721694299142e-14,-2.173784685308057932e-14,-3.031094315597063070e-14,-4.177389132104572174e-14,-5.700060471256407255e-14,-7.710559434924039507e-14,-1.035041916296670426e-13,-1.379862877125116843e-13,-1.828062294202272611e-13,-2.407919324122176705e-13,-3.154767387923770830e-13,-4.112580582985468105e-13,-5.335873883489747393e-13,-6.891969052165860173e-13,-8.863684508185915480e-13,-1.135251398389178075e-12,-1.448236553162248801e-12,-1.840393913749485632e-12,-2.329982762451923876e-12,-2.939043136301687680e-12,-3.694078212189457218e-12,-4.626837461103828029e-12,-5.775210509986102677e-12,-7.184241388306474525e-12,-8.907272083627679033e-12,-1.100722288304111933e-11,-1.355801455171888182e-11,-1.664613359679157919e-11,-2.037233611963004059e-11,-2.485347726998731626e-11,-3.022444093789461861e-11,-3.664012642149391102e-11,-4.427742305981715229e-11,-5.333706688992213878e-11,-6.404522052885260734e-11,-7.665454192848500133e-11,-9.144439978997406356e-11,-1.087197396169485353e-10,-1.288078853412589253e-10,-1.520522499572600181e-10,-1.788014863704697015e-10,-2.093919830245566670e-10,-2.441207227794511241e-10,-2.832042734197262220e-10,-3.267179188797063074e-10,-3.745064708246793982e-10,-4.260548434597082902e-10,-4.803016494170537635e-10,-5.353723596353596063e-10,-5.881992535158331359e-10,-6.339824997897764804e-10,-6.654289432793561734e-10,-6.716807608172398403e-10,-6.368127166906407394e-10,-5.377311171732513823e-10,-3.412455019031078232e-10,0.000000000000000000e+00
0.000000000000000000e+00,-2.897933961152305605e-16,-7.362901177904725459e-16,-1.400962080256875209e-15,-2.365934825887306889e-15,-3.740212086440905431e-15,-5.667603436288674702e-15,-8.336775559623393626e-15,-1.199393925908507945e-14,-1.695879268357369207e-14,-2.364446861204217083e-14,-3.258238237430095515e-14,-4.445304956508816791e-14,-6.012414156822737050e-14,-8.069727443755875109e-14,-1.075652850940639253e-13,-1.424820400134399189e-13,-1.876471470686546813e-13,-2.458083018019229639e-13,-3.203843951244187549e-13,-4.156129391584508441e-13,-5.367258290860715794e-13,-6.901579470566181318e-13,-8.837936227115854341e-13,-1.127256484027771829e-12,-1.432248748493263217e-12,-1.812946499761445295e-12,-2.286457944117256234e-12,-2.873352011063472851e-12,-3.598264908311114228e-12,-4.490592302869870690e-12,-5.585274594267299404e-12,-6.923682159815667520e-12,-8.554606328192663049e-12,-1.053535995693007073e-11,-1.293298854292207781e-11,-1.582558834583631174e-11,-1.930372143141721153e-11,-2.347190796016834581e-11,-2.845016219342906389e-11,-3.437551875874112268e-11,-4.140346713236067096e-11,-4.970917138182454329e-11,-5.948829372771136485e-11,-7.095715698443795389e-11,-8.435186186251076937e-11,-9.992580551543262763e-11,-1.179448065098699717e-10,-1.386786989285056792e-10,-1.623877729853026239e-10,-1.893017531895672353e-10,-2.195880367003544812e-10,-2.533045515118965770e-10,-2.903306807045658716e-10,-3.302670202692330197e-10,-3.722909985474256306e-10,-4.149501805055828455e-10,-4.558678577178275897e-10,-4.913255343768270055e-10,-5.156731441683344021e-10,-5.204989007655542843e-10,-4.934647528447468506e-10,-4.166780161791532015e-10,-2.644216030789418568e-10,0.000000000000000000e+00
0.000000000000000000e+00,-2.192938105114343159e-16,-5.571598740968917109e-16,-1.060096935489670979e-15,-1.790217357646284997e-15,-2.829948713061747455e-15,-4.288020376684647706e-15,-6.307052008611499332e-15,-9.073129745976127040e-15,-1.282783743509998444e-14,-1.788330602309894522e-14,-2.464095607322248997e-14,-3.361473810159658856e-14,-4.545982489137097823e-14,-6.100788090599232301e-14,-8.131022804959603168e-14,-1.076904457400717343e-13,-1.418081876637416921e-13,-1.857362682905607607e-13,-2.420533692266918979e-13,-3.139550379097345764e-13,-4.053859970725816250e-13,-5.211971494990199717e-13,-6.673310438037463851e-13,-8.510399560058861489e-13,-1.081141128401976178e-12,-1.368314077885811198e-12,-1.725445221805813947e-12,-2.168025345700930456e-12,-2.714605620180212219e-12,-3.387317918323800803e-12,-4.212465028320162098e-12,-5.221185913483010407e-12,-6.450200325330396764e-12,-7.942635660218522467e-12,-9.748936734165994412e-12,-1.192785580575755433e-11,-1.454751523690678697e-11,-1.768652798088495931e-11,-2.143515067708529525e-11,-2.589642915628370101e-11,-3.118727468170433332e-11,-3.743937850625203978e-11,-4.479982837748550813e-11,-5.343122787102943158e-11,-6.351102993876893323e-11,-7.522966858395360496e-11,-8.878689126673768128e-11,-1.043854371951707681e-10,-1.222208417825133569e-10,-1.424656315084105806e-10,-1.652454452447697989e-10,-1.906035931137759720e-10,-2.184491249024500327e-10,-2.484814652308008297e-10,-2.800818597144897628e-10,-3.121579607045674200e-10,-3.429224471378067527e-10,-3.695790553632098457e-10,-3.878790308820380205e-10,-3.914967616588129908e-10,-3.711538335933767087e-10,-3.133940994508752760e-10,-1.988760968152490597e-10,0.000000000000000000e+00
0.000000000000000000e+00,-1.588647951930803442e-16,-4.036225743466049706e-16,-7.679479371076434247e-16,-1.296817521093985688e-15,-2.049910931047866072e-15,-3.105940367088939246e-15,-4.568137738738570122e-15,-6.571177760802131938e-15,-9.289874296714466549e-15,-1.295005626380827210e-14,-1.784211002251540125e-14,-2.433776865312070820e-14,-3.291083619778664843e-14,-4.416265809084335934e-14,-5.885328880158753928e-14,-7.793946519492001543e-14,-1.026206700570628420e-13,-1.343947650754988001e-13,-1.751248862822898297e-13,-2.271195269417009942e-13,-2.932279816817000783e-13,-3.769535889376007016e-13,-4.825874828394352479e-13,-6.153658452781758486e-13,-7.816539267306799966e-13,-9.891603705695321981e-13,-1.247185616632752619e-12,-1.566908357780470628e-12,-1.961714153804429518e-12,-2.447570337633815077e-12,-3.043451234686604680e-12,-3.771817396158099152e-12,-4.659151936073377088e-12,-5.736556041370273556e-12,-7.040404127112170685e-12,-8.613056698792697755e-12,-1.050362542463752115e-11,-1.276877973394213492e-11,-1.547357675901681569e-11,-1.869228565128309125e-11,-2.250916183104241708e-11,-2.701910458420620201e-11,-3.232809976085232187e-11,-3.855330412585118710e-11,-4.582256343808731454e-11,-5.427306449399071253e-11,-6.404869073599132456e-11,-7.529546551909466057e-11,-8.815420419613473135e-11,-1.027491242883836013e-10,-1.191706381983678698e-10,-1.374498141344796218e-10,-1.575209536127262485e-10,-1.791672814377436062e-10,-2.019427160734547953e-10,-2.250598650921775330e-10,-2.472304720538961903e-10,-2.664391199024382559e-10,-2.796235192968743288e-10,-2.822244326701494286e-10,-2.675542040975950530e-10,-2.259136397304780667e-10,-1.433608251510825366e-10,0.000000000000000000e+00
0.000000000000000000e+00,-1.075977616727567313e-16,-2.733673535174313569e-16,-5.201106293617148624e-16,-8.782794920257240419e-16,-1.388276663643902506e-15,-2.103384306426387412e-15,-3.093475042869024037e-15,-4.449693473878575154e-15,-6.290335951079942210e-15,-8.768202946589688270e-15,-1.207975274081346332e-14,-1.647644820132099972e-14,-2.227876104023523178e-14,-2.989338097332248141e-14,-3.983427145685827946e-14,-5.274831983524926075e-14,-6.944644831605481721e-14,-9.094118349141478900e-14,-1.184918261267739560e-13,-1.536585192122713815e-13,-1.983666798673399590e-13,-2.549834379843373265e-13,-3.264079090234701252e-13,-4.161773165823782706e-13,-5.285911673352787544e-13,-6.688558599648264998e-13,-8.432522717602982263e-13,-1.059328999493890187e-12,-1.326124018688435533e-12,-1.654417545381197672e-12,-2.057018806899891302e-12,-2.549089211686122077e-12,-3.148503995569879992e-12,-3.876253733110352725e-12,-4.756886025084567572e-12,-5.818986047577569435e-12,-7.095692247902850483e-12,-8.625239974864723351e-12,-1.045152077458233834e-11,-1.262463780942490817e-11,-1.520142742549653688e-11,-1.824590196063557444e-11,-2.182954753661436887e-11,-2.603138009518012010e-11,-3.093761945742992295e-11,-3.664077924696113682e-11,-4.323788241022502806e-11,-5.082738694519210905e-11,-5.950422909515865715e-11,-6.935214039918276454e-11,-8.043204095364197687e-11,-9.276481282352665565e-11,-1.063060576919975330e-10,-1.209094628252899996e-10,-1.362740310080483046e-10,-1.518685249614415538e-10,-1.668238324372361825e-10,-1.797802993430059731e-10,-1.886720318487105688e-10,-1.904232309841297750e-10,-1.805221179639104801e-10,-1.524250292581141656e-10,-9.672559915508205476e-11,0.000000000000000000e+00
0.000000000000000000e+00,-6.460075214076467986e-17,-1.641261905056910124e-16,-3.122639381425054158e-16,-5.272926301475065910e-16,-8.334621483831693707e-16,-1.262750323007105230e-15,-1.857088717771253178e-15,-2.671170208558633130e-15,-3.775974812572046689e-15,-5.263178119783509752e-15,-7.250639233330786060e-15,-9.889202870317216075e-15,-1.337109373859984074e-14,-1.794023100186749867e-14,-2.390484704955164070e-14,-3.165285830947057422e-14,-4.167050679079304437e-14,-5.456486959585419237e-14,-7.109091977820007021e-14,-9.218391539350037949e-14,-1.189979938179874668e-13,-1.529519544240177688e-13,-1.957833230248250246e-13,-2.496119040064446217e-13,-3.170141378058903653e-13,-4.011096883582322636e-13,-5.056617819141439464e-13,-6.351928979623449688e-13,-7.951174651100668408e-13,-9.918932264715379227e-13,-1.233192892397876529e-12,-1.528097568532419522e-12,-1.887313199933039762e-12,-2.323410859493811776e-12,-2.851091063749620226e-12,-3.487471326001471202e-12,-4.252394720006200903e-12,-5.168755133986717461e-12,-6.262831868478248097e-12,-7.564621878216759195e-12,-9.108151714619917193e-12,-1.093174228755758047e-11,-1.307818678765612771e-11,-1.559478386447394347e-11,-1.853314213049568777e-11,-2.194863498553829433e-11,-2.589933201534248583e-11,-3.044415831715148663e-11,-3.563992693276355031e-11,-4.153673938416064584e-11,-4.817103734697215018e-11,-5.555529008580921749e-11,-6.366288324352568814e-11,-7.240618777305706180e-11,-8.160496839019036825e-11,-9.094115007357965711e-11,-9.989437757019026918e-11,-1.076506116353877321e-10,-1.129729833566669629e-10,-1.140199727339362200e-10,-1.080902841978351400e-10,-9.126601698008873513e-11,-5.791514823053900034e-11,0.000000000000000000e+00
0.000000000000000000e+00,-2.901017285463918251e-17,-7.370361400731652676e-17,-1.402263598759367106e-16,-2.367855877204014789e-16,-3.742691334582144754e-16,-5.670339379070756435e-16,-8.339049663987090517e-16,-1.199435156224144202e-15,-1.695487594144146763e-15,-2.363213632170499637e-15,-3.255515244478653427e-15,-4.440096848446582484e-15,-6.003231295567008065e-15,-8.054387013077146078e-15,-1.073188855710908944e-14,-1.420981130616964270e-14,-1.870634281885825524e-14,-2.449387857895655534e-14,-3.191115844787488872e-14,-4.137779202298701179e-14,-5.341156600386489957e-14,-6.864897416073361360e-14,-8.786945991703920130e-14,-1.120239119483888207e-13,-1.422680032415366086e-13,-1.800010119507664310e-13,-2.269108057114572569e-13,-2.850257065673054969e-13,-3.567739769609539480e-13,-4.450516724085229756e-13,-5.532995854639237395e-13,-6.855899473007452563e-13,-8.467234423442002075e-13,-1.042336906417548110e-12,-1.279021789632062430e-12,-1.564453029008630938e-12,-1.907527331818904296e-12,-2.318508932259391348e-12,-2.809179527631839182e-12,-3.392987148950874102e-12,-4.085185922347913103e-12,-4.902954671454981874e-12,-5.865476583684750405e-12,-6.993953984786475986e-12,-8.311520600237520847e-12,-9.842997062750777376e-12,-1.161441178324352749e-11,-1.365217572626703153e-11,-1.598175203523465260e-11,-1.862559412501574871e-11,-2.160003083599950132e-11,-2.491064345995401617e-11,-2.854549158263136181e-11,-3.246528159838456361e-11,-3.658920436445443930e-11,-4.077465694014965550e-11,-4.478835331303019873e-11,-4.826534647757119532e-11,-5.065112896901135847e-11,-5.112011567680937036e-11,-4.846125958293929325e-11,-4.091806444817306658e-11,-2.596551365435796085e-11,0.000000000000000000e+00
0.000000000000000000e+00,0.000000000000000000e+00,0.000000000000000000e+00,0.000000000000000000e+00,0.000000000000000000e+00,0.000000000000000000e+00,0.000000000000000000e+00,0.000000000000000000e+00,0.000000000000000000e+00,0.000000000000000000e+00,0.000000000000000000e+00,0.000000000000000000e+00,0.000000000000000000e+00,0.000000000000000000e+00,0.000000000000000000e+00,0.000000000000000000e+00,0.000000000000000000e+00,0.000000000000000000e+00,0.000000000000000000e+00,0.000000000000000000e+00,0.000000000000000000e+00,0.000000000000000000e+00,0.000000000000000000e+00,0.000000000000000000e+00,0.000000000000000000e+00,0.000000000000000000e+00,0.000000000000000000e+00,0.000000000000000000e+00,0.000000000000000000e+00,0.000000000000000000e+00,0.000000000000000000e+00,0.000000000000000000e+00,0.000000000000000000e+00,0.000000000000000000e+00,0.000000000000000000e+00,0.000000000000000000e+00,0.000000000000000000e+00,0.000000000000000000e+00,0.000000000000000000e+00,0.000000000000000000e+00,0.000000000000000000e+00,0.000000000000000000e+00,0.000000000000000000e+00,0.000000000000000000e+00,0.000000000000000000e+00,0.000000000000000000e+00,0.000000000000000000e+00,0.000000000000000000e+00,0.000000000000000000e+00,0.000000000000000000e+00,0.000000000000000000e+00,0.000000000000000000e+00,0.000000000000000000e+00,0.000000000000000000e+00,0.000000000000000000e+00,0.000000000000000000e+00,0.000000000000000000e+00,0.000000000000000000e+00,0.000000000000000000e+00,0.000000000000000000e+00,0.000000000000000000e+00,0.000000000000000000e+00,0.000000000000000000e+00,0.000000000000000000e+00,0.000000000000000000e+00
