1.826113763817958369e-01,1.996534508738352365e-01,2.162620519773760519e-01,2.321949496233527976e-01,2.472169689869340437e-01,2.611036810949716180e-01,2.736449450429969121e-01,2.846482462842678807e-01,2.939417784048710680e-01,3.013772195659927267e-01,3.068321593213804155e-01,3.102121367373184002e-01,3.114522565760799999e-01,3.105183566642897297e-01,3.074077063592776105e-01,3.021492231469956047e-01,2.948032017468226740e-01,2.854605575505553272e-01,2.742415936720490888e-01,2.612943082172026199e-01,2.467922654895290391e-01,2.309320616160586426e-01,2.139304214080136879e-01,1.960209690634128754e-01,1.774507204850701292e-01,1.584763494471936596e-01,1.393602835272461093e-01,1.203666885686745375e-01,1.017574024087600087e-01,8.378787966148733279e-02,6.670320946895694214e-02,5.073426732137117923e-02,3.609406030403905508e-02,2.297432248309741812e-02,1.154241362642538862e-02,1.938570122290990405e-03,-5.726448132095364463e-03,-1.137327687294265727e-02,-1.495540101528961170e-02,-1.646011784965225114e-02,-1.590899241741785750e-02,-1.335779516720290647e-02,-8.895919751779127194e-03,-2.645286649379140903e-03,5.241253933079653010e-03,1.458199881105056578e-02,2.516891984003704133e-02,3.677060788193738106e-02,4.913559097107308288e-02,6.199597909780736604e-02,7.507138288258968783e-02,8.807304903639488758e-02,1.007081519638734490e-01,1.126841782198671343e-01,1.237133388218695368e-01,1.335169436803169130e-01,1.418296726506622085e-01,1.484036789367777220e-01,1.530124627703660645e-01,1.554544564271617135e-01,1.555562656749555628e-01,1.531755176244220529e-01,1.482032706019981161e-01,1.405659480034065489e-01,1.302267650248016828e-01
1.889992024965165829e-01,2.016100598071552952e-01,2.145049865247927456e-01,2.272106889314087497e-01,2.393896796646680092e-01,2.507678844436145305e-01,2.611101221515385595e-01,2.702114349494402212e-01,2.778942398989331930e-01,2.840077867142629664e-01,2.884285327560078827e-01,2.910608173097175011e-01,2.918375283079136517e-01,2.907205944099462425e-01,2.877012052662678010e-01,2.827997018159166265e-01,2.760651027865529961e-01,2.675742503980004239e-01,2.574305710166054362e-01,2.457624568462894454e-01,2.327212835219955867e-01,2.184790861243818549e-01,2.032259228750287472e-01,1.871669616962141625e-01,1.705193299625083481e-01,1.535087721340142319e-01,1.363661635281842310e-01,1.193239312385420692e-01,1.026124351251419126e-01,8.645636286916597024e-02,7.107119329645311678e-02,5.665978153518546473e-02,4.340911809516057041e-02,3.148731166477944377e-02,2.104084235302053352e-02,1.219212830421815240e-02,5.037444141071859352e-03,-3.547753862898435817e-04,-3.945218773105690045e-03,-5.724546430866428968e-03,-5.713789330301064645e-03,-3.964288938017528074e-03,-5.571765601911287747e-04,4.397602967690724882e-03,1.076271156193647945e-02,1.837526391744199669e-02,2.704907484210405944e-02,3.657727771448207599e-02,4.673527875515103708e-02,5.728400748276931548e-02,6.797342045081902762e-02,7.854621346699787454e-02,8.874169750274361890e-02,9.829979626777594903e-02,1.069651304877668740e-01,1.144911681778053025e-01,1.206444474372232040e-01,1.252089307759161607e-01,1.279906554933819551e-01,1.288230707352680249e-01,1.275739765484463772e-01,1.241563141956284894e-01,1.185487982880120417e-01,1.108439701149121631e-01,1.013806886825082687e-01
1.942606044669820675e-01,2.032826062255149446e-01,2.129371581609982023e-01,2.227531585379493306e-01,2.323632007144979805e-01,2.414680850027006720e-01,2.498162599440273135e-01,2.571931727685053404e-01,2.634160062458362206e-01,2.683312066346598690e-01,2.718134248093047600e-01,2.737651335387197293e-01,2.741165118325811223e-01,2.728253589061253592e-01,2.698768943935934694e-01,2.652833561759729841e-01,2.590833412753439369e-01,2.513408580756825161e-01,2.421440744960873248e-01,2.316037592372116038e-01,2.198514232437455973e-01,2.070371768486380382e-01,1.933273251187863917e-01,1.789017299447265841e-01,1.639509725359919734e-01,1.486733542640539807e-01,1.332717772657522060e-01,1.179505488931591461e-01,1.029121559742257747e-01,8.835405593429228321e-02,7.446553212648002185e-02,6.142466023962265403e-02,4.939543141364590578e-02,3.852507572052064205e-02,2.894162699944543768e-02,2.075176671229661540e-02,1.403898056323604066e-02,8.862057167079906775e-03,5.253953125310925273e-03,3.221043554934712155e-03,2.742771499420310413e-03,3.771703825136754444e-03,6.233995269878230862e-03,1.003025636773988843e-02,1.503681513969641961e-02,2.110735683416240654e-02,2.807492076248624749e-02,3.575422855745982037e-02,4.394431417894825026e-02,5.243142294642684498e-02,6.099214513641751378e-02,6.939674975333323670e-02,7.741268677047505320e-02,8.480823278447364999e-02,9.135626796549077555e-02,9.683819564827846060e-02,1.010480578596154727e-01,1.037969760463141600e-01,1.049181875290921134e-01,1.042732192784440876e-01,1.017602753157595408e-01,9.732697893324528116e-02,9.099164770741985375e-02,8.288044979280098645e-02,7.328801345324621741e-02
1.982778484650929429e-01,2.043226152466298962e-01,2.112079058951556176e-01,2.185016225705884718e-01,2.258419274583238490e-01,2.329250541552421450e-01,2.394937303695762465e-01,2.453290715176087988e-01,2.502454980969818776e-01,2.540877117540058516e-01,2.567289395688874820e-01,2.580699034200706898e-01,2.580381594030038972e-01,2.565875770501526709e-01,2.536978081280121811e-01,2.493736465428717519e-01,2.436442153696801727e-01,2.365619409641999404e-01,2.282012915343568649e-01,2.186572707992434916e-01,2.080436678549699991e-01,1.964910729286978575e-01,1.841446758322871080e-01,1.711618699202268057e-01,1.577096893868333571e-01,1.439621119059625864e-01,1.300972619800815633e-01,1.162945529568940872e-01,1.027318075100491779e-01,8.958239747950132170e-02,7.701244434005728723e-02,6.517812122958636933e-02,5.422309644232362752e-02,4.427615660506943607e-02,3.544904543947747372e-02,2.783455111421932054e-02,2.150487175651922753e-02,1.651028478087660997e-02,1.287814136861678387e-02,1.061220276717980346e-02,9.692330151507886835e-03,1.007453468689996530e-02,1.169138924542334652e-02,1.445279805599494587e-02,1.824711552009081889e-02,2.294260062106547385e-02,2.838918893258898096e-02,3.442056035384817581e-02,4.085647756961761912e-02,4.750536812122783253e-02,5.416712225614773307e-02,6.063607995349903218e-02,6.670418455319919449e-02,7.216428860795673361e-02,7.681361216087866095e-02,8.045737835858152165e-02,8.291269244702567653e-02,8.401279837589857580e-02,8.361195973117270530e-02,8.159139392705176685e-02,7.786696675957230362e-02,7.239970855708034725e-02,6.521038358798167400e-02,5.639817736108444085e-02,4.615723571829028621e-02
2.009533614966316217e-01,2.045221190330955563e-01,2.090702638364569099e-01,2.142035521188814795e-01,2.195779034574479871e-01,2.248965619848753428e-01,2.299046409310608330e-01,2.343840064777840126e-01,2.381493407370385285e-01,2.410453564126621151e-01,2.429448873830289957e-01,2.437475651756518258e-01,2.433788437119419334e-01,2.417891940067845580e-01,2.389533400174891908e-01,2.348694446133366143e-01,2.295581827788690799e-01,2.230616602415661787e-01,2.154421518129246427e-01,2.067806463408879136e-01,1.971751952977649491e-01,1.867390703326668178e-01,1.755987420284482459e-01,1.638916978928884605e-01,1.517641224544642453e-01,1.393684663319580963e-01,1.268609343709361792e-01,1.143989254305540493e-01,1.021384581886990162e-01,9.023161843259544512e-02,7.882406373395355048e-02,6.805262119194559201e-02,5.804301308654074426e-02,4.890774384666558838e-02,4.074417973571197588e-02,3.363285013082269181e-02,2.763599626843367407e-02,2.279638989960657350e-02,1.913644050410483882e-02,1.665760561765155037e-02,1.534011450429353420e-02,1.514301093348402634e-02,1.600451628417098870e-02,1.784270968803062032e-02,2.055651754223552022e-02,2.402700058193799060e-02,2.811892293392146899e-02,3.268258433030964832e-02,3.755589413697805329e-02,4.256666429516883093e-02,4.753509802583862770e-02,5.227645268208926110e-02,5.660385914718090578e-02,6.033128768127501290e-02,6.327666261651541946e-02,6.526514794493649962e-02,6.613265555683910113e-02,6.572967100190094114e-02,6.392554996918888011e-02,6.061350579290020885e-02,5.571654992322483402e-02,4.919455034698210633e-02,4.105203075432416887e-02,3.134465494600433694e-02,2.017842790602475400e-02
2.022112103059940658e-01,2.037422599877538321e-01,2.063475261304522079e-01,2.096644896978412942e-01,2.133696664017652456e-01,2.171787663037803573e-01,2.208444042362998905e-01,2.241531341051251069e-01,2.269226849133980650e-01,2.289996897800409548e-01,2.302579128493004446e-01,2.305968704975802641e-01,2.299407197197370634e-01,2.282372971138395545e-01,2.254572128109981199e-01,2.215929253956908651e-01,2.166577430929612358e-01,2.106847126227012756e-01,2.037253704126007758e-01,1.958483418199304105e-01,1.871377831125449198e-01,1.776916685797652051e-01,1.676199315628880693e-01,1.570424736092582430e-01,1.460870604973485143e-01,1.348871276431899691e-01,1.235795204407433012e-01,1.123021974508081611e-01,1.011919260633925427e-01,9.038200133939124081e-02,8.000001920895055685e-02,7.016573508656949454e-02,6.098903827988091247e-02,5.256807134712724455e-02,4.498752182932885119e-02,3.831711158407908463e-02,3.261030632142455921e-02,2.790326493671774905e-02,2.421404490464278136e-02,2.154207640238098992e-02,1.986791403320425919e-02,1.915327109536592992e-02,1.934133736159676306e-02,2.035737738497583882e-02,2.210960251845590224e-02,2.449030622894226433e-02,2.737724901715899578e-02,3.063527645511751607e-02,3.411815168427100725e-02,3.767058237815527205e-02,4.113042191606908898e-02,4.433102566484507789e-02,4.710374624251681408e-02,4.928055696013900616e-02,5.069680088979874877e-02,5.119407466963225850e-02,5.062327111243558608e-02,4.884782092730102776e-02,4.574718444023002234e-02,4.122063047425864740e-02,3.519125775291424840e-02,2.760997279471586949e-02,1.845857434433318886e-02,7.750003461970301523e-03,-4.477772891489956164e-03
2.019982709380286900e-01,2.018882146545502299e-01,2.029131503024674266e-01,2.047373023977175355e-01,2.070576231026540481e-01,2.096045779048683610e-01,2.121412488564172194e-01,2.144616414844797425e-01,2.163888025881892108e-01,2.177730587175686072e-01,2.184904830040331758e-01,2.184415882175457235e-01,2.175501953756955875e-01,2.157624126672593456e-01,2.130456614176856889e-01,2.093876946840038389e-01,2.047955650258692084e-01,1.992945088950038024e-01,1.929267250699533143e-01,1.857500333969189510e-01,1.778364077932449716e-01,1.692703841270323806e-01,1.601473493172946294e-01,1.505717229034661819e-01,1.406550464894174568e-01,1.305139999340672319e-01,1.202683659809824640e-01,1.100389672243851646e-01,9.994560092279956842e-02,9.010499821431279532e-02,8.062883477797869181e-02,7.162181994396352169e-02,6.317989070261181839e-02,5.538853602508540114e-02,4.832127541509699531e-02,4.203831369659126460e-02,3.658539174490722801e-02,3.199285023277958356e-02,2.827492053617682369e-02,2.542925378191612448e-02,2.343669567744794888e-02,2.226131130608247077e-02,2.185066056596213224e-02,2.213632145113415828e-02,2.303465499678366418e-02,2.444780252353033478e-02,2.626490291155762075e-02,2.836351511862816865e-02,3.061122914405931678e-02,3.286744726572450592e-02,3.498531678591089433e-02,3.681379586852968205e-02,3.819983547209390706e-02,3.899066293850062676e-02,3.903615632308906486e-02,3.819130235011781310e-02,3.631873308212689444e-02,3.329133271610640321e-02,2.899488738413857555e-02,2.333070004406155931e-02,1.621797884778719556e-02,7.595584464035953602e-03,-2.577659347625335141e-03,-1.432541780283009408e-02,-2.766083378198382070e-02
2.002850748499131750e-01,1.988992132214953412e-01,1.986796286445227377e-01,1.993140516834975562e-01,2.005190851736097235e-01,2.020408466916162327e-01,2.036545785025235811e-01,2.051636198640145181e-01,2.063980968006072503e-01,2.072135623739833621e-01,2.074897055597041129e-01,2.071291668297340627e-01,2.060564522220389994e-01,2.042169154757732807e-01,2.015757704451607291e-01,1.981170968224851558e-01,1.938428070509101708e-01,1.887715488223108140e-01,1.829375244732070471e-01,1.763892152881612607e-01,1.691880049123494489e-01,1.614067016555327250e-01,1.531279644130626172e-01,1.444426412456624731e-01,1.354480333702507422e-01,1.262461004422860134e-01,1.169416255770964752e-01,1.076403605816491638e-01,9.844717336538333363e-02,8.946422048438730512e-02,8.078916826309223698e-02,7.251348594912017387e-02,6.472083390980654105e-02,5.748556899629687217e-02,5.087138790980139103e-02,4.493012773543039740e-02,3.970074079708044851e-02,3.520845867138284319e-02,3.146415762321017051e-02,2.846393493714438269e-02,2.618890266997975225e-02,2.460520229378322654e-02,2.366424059579740752e-02,2.330314411246753314e-02,2.344542636529977145e-02,2.400185930443490129e-02,2.487153772282348074e-02,2.594312305255994100e-02,2.709625096746885731e-02,2.820308565850186688e-02,2.913000256915181455e-02,2.973938078357390644e-02,2.989148606873397521e-02,2.944642552458825654e-02,2.826615429196292426e-02,2.621651256995359558e-02,2.316926493305471874e-02,1.900409932414042283e-02,1.361051284954354831e-02,6.889454292589363912e-03,-1.245506030017219570e-03,-1.086786381413064502e-02,-2.203931815988010093e-02,-3.481315180972419099e-02,-4.924066705587688830e-02
1.970663217804173861e-01,1.947439761329515240e-01,1.935921811172824636e-01,1.933203123757710473e-01,1.936639808307714650e-01,1.943853460881583006e-01,1.952728382099793991e-01,1.961404403011099695e-01,1.968267172347371863e-01,1.971937396042735269e-01,1.971259965472597908e-01,1.965293420723565332e-01,1.953299850112842351e-01,1.934735121528423918e-01,1.909239240750491562e-01,1.876626601157396212e-01,1.836875900321923716e-01,1.790119532944408620e-01,1.736632314331692239e-01,1.676819437040792393e-01,1.611203611273987202e-01,1.540411384906270609e-01,1.465158680486646769e-01,1.386235623615894308e-01,1.304490769517671345e-01,1.220814862303992027e-01,1.136124284390320899e-01,1.051344371783489995e-01,9.673927846177142464e-02,8.851631314422123142e-02,8.055090504829250098e-02,7.292289515509191300e-02,6.570516186211529386e-02,5.896228655600471713e-02,5.274934262767937143e-02,4.711082459862617200e-02,4.207973226126518473e-02,3.767682269811372525e-02,3.391004077232118857e-02,3.077413621768156082e-02,2.825047284409937937e-02,2.630703266197011864e-02,2.489861496550916861e-02,2.396722765180976308e-02,2.344266534123418469e-02,2.324326625717906825e-02,2.327683736854963339e-02,2.344173504014040316e-02,2.362808640710585203e-02,2.371913490139024305e-02,2.359269178386401086e-02,2.312267408190356310e-02,2.218070778658541228e-02,2.063777311448726851e-02,1.836586534147263347e-02,1.523963889171807765e-02,1.113799192641497932e-02,5.945530407253010914e-03,-4.461800304732887828e-04,-8.137714565903677102e-03,-1.722145310301205837e-02,-2.778211024179914196e-02,-3.989852763522380719e-02,-5.364716957625761951e-02,-6.910766352015162983e-02
1.923610539683885678e-01,1.894182352646737177e-01,1.876248999779117632e-01,1.867111740723793045e-01,1.864313630236491270e-01,1.865639465652763340e-01,1.869112598430631156e-01,1.872989009596175147e-01,1.875749495640528786e-01,1.876090808403943766e-01,1.872916376480109057e-01,1.865326974716292607e-01,1.852611486988685607e-01,1.834237752374007213e-01,1.809843393253250110e-01,1.779226481990846542e-01,1.742335895554848191e-01,1.699261222197891996e-01,1.650222111838580419e-01,1.595556995729431882e-01,1.535711137241298208e-01,1.471224011537644316e-01,1.402716045964658431e-01,1.330874784191954652e-01,1.256440564945051352e-01,1.180191830256862723e-01,1.102930198360329433e-01,1.025465452569959690e-01,9.486006097404546533e-02,8.731172401759046409e-02,7.997612152617150638e-02,7.292290597071089675e-02,6.621550822566828198e-02,5.990994522272342915e-02,5.405373794574470925e-02,4.868495424636087171e-02,4.383138940481701162e-02,3.950989556151483784e-02,3.572586913420043586e-02,3.247290315027834967e-02,2.973260910151540731e-02,2.747461050944753971e-02,2.565670791510143295e-02,2.422521251723373445e-02,2.311544321897808507e-02,2.225237944024115525e-02,2.155145974306342527e-02,2.091951411965996960e-02,2.025581571071589232e-02,1.945323572892422928e-02,1.839948338794386573e-02,1.697841053511676274e-02,1.507135819857859452e-02,1.255851895318171527e-02,9.320284196815872488e-03,5.238538066534743909e-03,1.978483236385519188e-04,-5.913512847253749039e-03,-1.320281071636307188e-02,-2.177248043719909668e-02,-3.172032208535825043e-02,-4.314047673006030093e-02,-5.612543291194237866e-02,-7.076929587405189626e-02,-8.717244329719373019e-02
1.862124907125630446e-01,1.829430631654001826e-01,1.807781127929705134e-01,1.794682750957187767e-01,1.787865552100604272e-01,1.785280716991078653e-01,1.785096571064112014e-01,1.785693058041391001e-01,1.785654980939712089e-01,1.783764414791989272e-01,1.778992654646231186e-01,1.770491946121126592e-01,1.757587121320556833e-01,1.739767161304620335e-01,1.716676637335977085e-01,1.688106945169708661e-01,1.653987233580341276e-01,1.614374933153323310e-01,1.569445807984525820e-01,1.519483476544017941e-01,1.464868375077450768e-01,1.406066165101809151e-01,1.343615614149802628e-01,1.278116004832163533e-01,1.210214150803753941e-01,1.140591118878075960e-01,1.069948774048498086e-01,9.989962783737650620e-02,9.284366854840021832e-02,8.589537798373356181e-02,7.911993138319674268e-02,7.257807965218968094e-02,6.632499851024853399e-02,6.040922246662496636e-02,5.487167731549374983e-02,4.974482371583529433e-02,4.505192304708693224e-02,4.080643513779759479e-02,3.701155567969049293e-02,3.365989919471721464e-02,3.073333135039147887e-02,2.820295225232126793e-02,2.602923011583806526e-02,2.416228246325343582e-02,2.254229973915714350e-02,2.110010400797583674e-02,1.975783321226535355e-02,1.842973933061025499e-02,1.702308666454364558e-02,1.543913435881761470e-02,1.357418502866022079e-02,1.132067887682808305e-02,8.568309686061871891e-03,5.205135197407933373e-03,1.118649099544111224e-03,-3.803225557253327171e-03,-9.671272124774640128e-03,-1.659431023107732495e-02,-2.467880353692038925e-02,-3.402885204462343521e-02,-4.474669984292293373e-02,-5.693390790537583568e-02,-7.069334234211029078e-02,-8.613209352363310201e-02,-1.033653532953203724e-01
1.786875266277049012e-01,1.753634712755178793e-01,1.730763266733351124e-01,1.715974280726160484e-01,1.707187363193222451e-01,1.702524080938344064e-01,1.700303253333815823e-01,1.699035544261952857e-01,1.697417349056961899e-01,1.694324116502734789e-01,1.688803276153260369e-01,1.680066907146404165e-01,1.667484226064698538e-01,1.650573913491277245e-01,1.628996254134483790e-01,1.602545037538208039e-01,1.571139154491434375e-01,1.534813825289173261e-01,1.493711406495877303e-01,1.448071739633298438e-01,1.398222025643200417e-01,1.344566231051005090e-01,1.287574053995430012e-01,1.227769499626327754e-01,1.165719134059240297e-01,1.102020103593686767e-01,1.037288020904110070e-01,9.721448321715252250e-02,9.072067885048559766e-02,8.430726514379506542e-02,7.803122657711755727e-02,7.194556335915182343e-02,6.609826210289500292e-02,6.053134243021558725e-02,5.527999140194378436e-02,5.037179667065264793e-02,4.582608803354491084e-02,4.165339564548902612e-02,3.785503156204393649e-02,3.442279954563674110e-02,3.133883621228344268e-02,2.857558464902920647e-02,2.609589962064405577e-02,2.385328143318159871e-02,2.179223345341894935e-02,1.984873621282736561e-02,1.795082895965837214e-02,1.601928745703952439e-02,1.396838473395408710e-02,1.170671932839006425e-02,9.138093229885339841e-03,6.162419095123167732e-03,2.676633175100764928e-03,-1.424413519440578032e-03,-6.247118329457369661e-03,-1.189838343364390053e-02,-1.848501332804618896e-02,-2.611331160192900333e-02,-3.488894790237272170e-02,-4.491717924003649914e-02,-5.630352082257877172e-02,-6.915496518017494321e-02,-8.358183677255534572e-02,-9.970033378703517524e-02,-1.176357437998200028e-01
1.698759012262702761e-01,1.667470310691167024e-01,1.645664184025392440e-01,1.631265591085393762e-01,1.622387993276852569e-01,1.617328042623785989e-01,1.614560458794568332e-01,1.612732737226903745e-01,1.610659541953559093e-01,1.607316766616491144e-01,1.601835304943828309e-01,1.593494580273736305e-01,1.581715865718448522e-01,1.566055399936266690e-01,1.546197279121579726e-01,1.521946089025928983e-01,1.493219233101149290e-01,1.460038913581383768e-01,1.422523729890693145e-01,1.380879871306308904e-01,1.335391896557825975e-01,1.286413110494425693e-01,1.234355565897831825e-01,1.179679736026978260e-01,1.122883919853388118e-01,1.064493456673277216e-01,1.005049839498767666e-01,9.450998270849217398e-02,8.851846624783223094e-02,8.258295114832031603e-02,7.675332373959721510e-02,7.107586287690746685e-02,6.559231948819636837e-02,6.033906391077260151e-02,5.534631135877077224e-02,5.063743497106935887e-02,4.622837480101586738e-02,4.212714984364712700e-02,3.833347877415325955e-02,3.483851351543165720e-02,3.162468808566519518e-02,2.866568342178809833e-02,2.592650705330208638e-02,2.336368463279142604e-02,2.092555843053910125e-02,1.855268598102245009e-02,1.617833013061142564e-02,1.372902976871458007e-02,1.112523850327833130e-02,8.282016419350066508e-03,5.109757763037438283e-03,1.514934816922094540e-03,-2.599164764930903503e-03,-7.331733489466961753e-03,-1.278380313927394117e-02,-1.905770353978478507e-02,-2.625666345227675377e-02,-3.448460335902819862e-02,-4.384617748372757196e-02,-5.444712890772288733e-02,-6.639502472762835728e-02,-7.980043431858530045e-02,-9.477859858715960428e-02,-1.114516077713481185e-01,-1.299510589838949182e-01
1.598890515912474997e-01,1.571824006935758078e-01,1.553158903990282946e-01,1.541037902009135541e-01,1.533773625421277487e-01,1.529842932578593384e-01,1.527881733485585980e-01,1.526679960513284973e-01,1.525176483628260249e-01,1.522453869155353523e-01,1.517732943833557668e-01,1.510367153462646717e-01,1.499836710408155305e-01,1.485742517984440514e-01,1.467799850501620151e-01,1.445831760510372377e-01,1.419762181865360517e-01,1.389608699244557766e-01,1.355474961273420709e-01,1.317542724485094574e-01,1.276063527925335450e-01,1.231350012246402031e-01,1.183766911717648029e-01,1.133721761957821733e-01,1.081655379764588226e-01,1.028032183716952874e-01,9.733304349085093732e-02,9.180324859822269756e-02,8.626151334080099653e-02,8.075401725645224571e-02,7.532452576028389468e-02,7.001351682731916937e-02,6.485735839186837492e-02,5.988754607469722047e-02,5.513001023784273175e-02,5.060450056594212320e-02,4.632405539672655032e-02,4.229456188829172625e-02,3.851441183476763536e-02,3.497425654392970901e-02,3.165686268939009451e-02,2.853706946525282062e-02,2.558184572033698340e-02,2.275044404789217101e-02,1.999464706727217475e-02,1.725909936330623923e-02,1.448171674705434411e-02,1.159416265880488725e-02,8.522379629107779825e-03,5.187161710162991810e-03,1.504751634898345404e-03,-2.612555916157716443e-03,-7.255826245125547407e-03,-1.251893615273684014e-02,-1.849809298588496118e-02,-2.529145321290674972e-02,-3.299887696373141749e-02,-4.172185948134116834e-02,-5.156368433749793090e-02,-6.262984541404209571e-02,-7.502878332045606613e-02,-8.887297491094257873e-02,-1.042803996257578580e-01,-1.213763820970342328e-01,-1.402957775775404425e-01
1.488586638582481136e-01,1.467777017507964632e-01,1.454110953840080378e-01,1.445955624722273236e-01,1.441828511154691628e-01,1.440391858087830268e-01,1.440447793182406677e-01,1.440933768589165165e-01,1.440918099570106803e-01,1.439595459257599075e-01,1.436282246998365764e-01,1.430411781861658793e-01,1.421529289471361868e-01,1.409286656219711498e-01,1.393436925842043150e-01,1.373828513268865459e-01,1.350399111976032240e-01,1.323169274795602257e-01,1.292235654527957300e-01,1.257763899392283780e-01,1.219981208794388566e-01,1.179168566420389086e-01,1.135652679640255514e-01,1.089797666052006175e-01,1.041996539228987745e-01,9.926625559535066923e-02,9.422204961197640227e-02,8.910979538331224858e-02,8.397167238527347699e-02,7.884843713087434647e-02,7.377860745107292506e-02,6.879768306301463354e-02,6.393741121022249174e-02,5.922510578004672177e-02,5.468302774657942539e-02,5.032783406234225820e-02,4.617010124152846201e-02,4.221392885528888611e-02,3.845662701065113293e-02,3.488849062513733196e-02,3.149266195527723744e-02,2.824508140494867703e-02,2.511452514369326081e-02,2.206272651878801727e-02,1.904457665787287826e-02,1.600839803716238435e-02,1.289628313406777221e-02,9.644488585939853600e-03,6.183873524021543493e-03,2.440368920053555529e-03,-1.664537159889111721e-03,-6.213315592381690212e-03,-1.129193300377985022e-02,-1.698943132396868796e-02,-2.339757477086021678e-02,-3.061059179677192918e-02,-3.872504232941533647e-02,-4.783984303682340539e-02,-5.805648473719021707e-02,-6.947947557461245371e-02,-8.221704003343305311e-02,-9.638209598445876547e-02,-1.120935186745462969e-01,-1.294776815798373559e-01,-1.486702404592531168e-01
1.369349429501589832e-01,1.356587236326397550e-01,1.349553790763097505e-01,1.346847405062836511e-01,1.347195954548621455e-01,1.349451949882082002e-01,1.352588292508443979e-01,1.355694413689074174e-01,1.357972577226511102e-01,1.358734192780614025e-01,1.357396036928612548e-01,1.353476313381858920e-01,1.346590505093640533e-01,1.336446983329902249e-01,1.322842345860667512e-01,1.305656461203201502e-01,1.284847200300323344e-01,1.260444842285582956e-01,1.232546147548975318e-01,1.201308099200838336e-01,1.166941322995543040e-01,1.129703205441920377e-01,1.089890739769282108e-01,1.047833139220858828e-01,1.003884266434810352e-01,9.584149361248542331e-02,9.118051556241216216e-02,8.644363738997051794e-02,8.166838142265744893e-02,7.689089687205447055e-02,7.214523343055280480e-02,6.746264694026443687e-02,6.287094486834116092e-02,5.839387896610245127e-02,5.405059197632737511e-02,4.985512459209427011e-02,4.581598807184766170e-02,4.193580699067178674e-02,3.821103556995422007e-02,3.463174989037541562e-02,3.118151707037912501e-02,2.783734119762522330e-02,2.456968444720267208e-02,2.134256041885577646e-02,1.811369528514993055e-02,1.483475086932708673e-02,1.145160226773185574e-02,7.904661094877528035e-03,4.129233852561759420e-03,5.590329682009267096e-05,-4.389081015697227778e-03,-9.283418589490690515e-03,-1.470839769797590603e-02,-2.074857829109427038e-02,-2.749153938580879350e-02,-3.502771405101392371e-02,-4.345033662017856735e-02,-5.285552764889255017e-02,-6.334254189793764311e-02,-7.501420263086432116e-02,-8.797754103192240160e-02,-1.023446518699893393e-01,-1.182337652161856295e-01,-1.357705192079591283e-01,-1.550894015708593476e-01
1.242846234660798521e-01,1.239669516519567305e-01,1.240671176323732555e-01,1.244686653568250478e-01,1.250659143353479441e-01,1.257635664357102945e-01,1.264763750563920042e-01,1.271288507455064776e-01,1.276549831946692803e-01,1.279979647118495989e-01,1.281099044584681212e-01,1.279515258692109358e-01,1.274918418838612844e-01,1.267078041249000697e-01,1.255839231857577842e-01,1.241118579563837143e-01,1.222899725591405640e-01,1.201228600997417129e-01,1.176208331097073068e-01,1.147993812881602793e-01,1.116785979372475063e-01,1.082825773080672987e-01,1.046387859063728082e-01,1.007774116208004084e-01,9.673069530305899999e-02,9.253225012419838413e-02,8.821637463215716013e-02,8.381736592564846544e-02,7.936883972444011559e-02,7.490306434639552868e-02,7.045031569097777446e-02,6.603826027423270739e-02,6.169137316143724625e-02,5.743039730313025115e-02,5.327185030296135299e-02,4.922758403855371362e-02,4.530440182795816839e-02,4.150373699426767454e-02,3.782139574062513138e-02,3.424736621896753291e-02,3.076569457049521325e-02,2.735442754601063661e-02,2.398562009133800577e-02,2.062540501735359716e-02,1.723412057453091450e-02,1.376649042516798691e-02,1.017184915717592175e-02,6.394405113706704349e-03,2.373530923313518521e-03,-1.955929294641445704e-03,-6.663348503789731647e-03,-1.182201499970866182e-02,-1.750885566471213628e-02,-2.380420094650081628e-02,-3.079160954332210015e-02,-3.855777179426513740e-02,-4.719251134654062207e-02,-5.678890452515843179e-02,-6.744353560036410455e-02,-7.925690340130138456e-02,-9.233399001197019340e-02,-1.067849952452472745e-01,-1.227262310958093100e-01,-1.402811587038969021e-01,-1.595815373393655867e-01
1.110887477819976071e-01,1.118574269023759754e-01,1.128776435717104704e-01,1.140571416923230191e-01,1.153121657151010976e-01,1.165671988997564745e-01,1.177547520470877129e-01,1.188151809054946995e-01,1.196965147830705012e-01,1.203542828772790341e-01,1.207513282254821935e-01,1.208576018943449265e-01,1.206499320996652219e-01,1.201117644902579412e-01,1.192328709792267044e-01,1.180090253982867127e-01,1.164416449974483292e-01,1.145373974942710954e-01,1.123077740446886685e-01,1.097686291861613844e-01,1.069396894994369823e-01,1.038440334401949244e-01,1.005075454911389110e-01,9.695834845964916571e-02,9.322621837585724769e-02,8.934198701177938073e-02,8.533693752677540267e-02,8.124219913356789391e-02,7.708814696075880213e-02,7.290381345358627752e-02,6.871631769883079777e-02,6.455031897929133788e-02,6.042750065762676759e-02,5.636609016041305154e-02,5.238042038489416907e-02,4.848053728881836222e-02,4.467185775522922175e-02,4.095488105770164755e-02,3.732495639686292388e-02,3.377210804641760100e-02,3.028091864699104449e-02,2.683047012967201134e-02,2.339434064864950522e-02,1.994065476369773215e-02,1.643218294750438402e-02,1.282648530797995436e-02,9.076093218740116653e-03,5.128721348232696299e-03,9.275013758808510304e-04,-3.588772509920439696e-03,-8.485397410147707889e-03,-1.383152702087402444e-02,-1.969996171731737758e-02,-2.616697762110803058e-02,-3.331220958169232166e-02,-4.121860340034545767e-02,-4.997245252683618633e-02,-5.966353364601512110e-02,-7.038535378127161457e-02,-8.223551848831731070e-02,-9.531622613349360895e-02,-1.097348869771205271e-01,-1.256048578298535612e-01,-1.430462737067363099e-01,-1.621869477794035952e-01
9.754024024179949737e-02,9.949645354030949018e-02,1.015290650342447060e-01,1.035703566258722036e-01,1.055587591957782567e-01,1.074387484156080624e-01,1.091607748383657955e-01,1.106812105621689385e-01,1.119622979494909049e-01,1.129720889112939830e-01,1.136843659538008533e-01,1.140785384467335323e-01,1.141395093982438824e-01,1.138575094624140888e-01,1.132278960384877353e-01,1.122509162321699561e-01,1.109314332153526761e-01,1.092786162020761287e-01,1.073055948972850143e-01,1.050290798953036620e-01,1.024689511168372230e-01,9.964781697587418718e-02,9.659054755309533224e-02,9.332378560806076084e-02,8.987543977444588383e-02,8.627416473662581631e-02,8.254883356860896748e-02,7.872800771599992864e-02,7.483941030871088529e-02,7.090940859918505590e-02,6.696251132290549635e-02,6.302088667215925699e-02,5.910390635978302748e-02,5.522772092830704332e-02,5.140487103473722480e-02,4.764393891700152012e-02,4.394924363108490550e-02,4.032058294553813454e-02,3.675302400078370169e-02,3.323674399359926451e-02,2.975692124195397636e-02,2.629367603186734056e-02,2.282205965602955577e-02,1.931208903328070561e-02,1.572882325813624443e-02,1.203247737955744426e-02,8.178567657247963821e-03,4.118081501522544846e-03,-2.023357197663857275e-04,-4.840185812788579817e-03,-9.856924569891388835e-03,-1.531778086144452468e-02,-2.129159934451374525e-02,-2.785071868806671472e-02,-3.507089752236260821e-02,-4.303130026683110732e-02,-5.181455443901913926e-02,-6.150688983129307119e-02,-7.219836787698609426e-02,-8.398320643021620069e-02,-9.696020090611995323e-02,-1.112332372056437230e-01,-1.269118851507147205e-01,-1.441120535281863735e-01,-1.629566797199740180e-01
8.384130877615478261e-02,8.705917460485461390e-02,9.017199077234426541e-02,9.313673617234723145e-02,9.591413204095193545e-02,9.846871611325630491e-02,1.007689317768563214e-01,1.027872185118202525e-01,1.045000922086545686e-01,1.058882062100751364e-01,1.069363859960730384e-01,1.076336322465864109e-01,1.079730885464143808e-01,1.079519712578697888e-01,1.075714601182579250e-01,1.068365489723538952e-01,1.057558567748400485e-01,1.043413996368242058e-01,1.026083252759347475e-01,1.005746117815685264e-01,9.826073313594031744e-02,9.568929443974924509e-02,9.288464027467227546e-02,8.987244008578795795e-02,8.667925487558175712e-02,8.333208985682775960e-02,7.985793800410628807e-02,7.628331966372865758e-02,7.263382352156835808e-02,6.893365428162293029e-02,6.520519237076199959e-02,6.146857085462570369e-02,5.774127452540171734e-02,5.403776580533557056e-02,5.036914170301872579e-02,4.674282556690688428e-02,4.316229680759021969e-02,3.962686111362243718e-02,3.613146297270125595e-02,3.266654153890703044e-02,2.921793006634107459e-02,2.576679826904994947e-02,2.228963607603275457e-02,1.875827633804347250e-02,1.513995311964894813e-02,1.139739128573341413e-02,7.488922177138825596e-03,3.368619277388435352e-03,-1.013553084435699254e-03,-5.711585753051555067e-03,-1.078327397417687232e-02,-1.629007893565424803e-02,-2.229701120132106251e-02,-2.887254588675104011e-02,-3.608857942254770773e-02,-4.402043738371098913e-02,-5.274694202435468993e-02,-6.235054672298784989e-02,-7.291754238726168291e-02,-8.453833787319324500e-02,-9.730781256328294160e-02,-1.113257344070111843e-01,-1.266972310365014620e-01,-1.435332952230057024e-01,-1.619512992388941197e-01
7.020070736008976464e-02,7.472704140449737409e-02,7.896317858459138417e-02,8.289075123671922618e-02,8.649269652446982259e-02,8.975352482494616813e-02,9.265958165688534254e-02,9.519929330639861909e-02,9.736338789885987111e-02,9.914508527979114250e-02,1.005402506048238276e-01,1.015475079330218355e-01,1.021683113370721041e-01,1.024069720847247955e-01,1.022706413249979407e-01,1.017692484574467954e-01,1.009153960036931752e-01,9.972421236542645950e-02,9.821316436460662824e-02,9.640183193510232229e-02,9.431164777916357933e-02,9.196560521975584435e-02,8.938793786907710259e-02,8.660377508953745473e-02,8.363877753914375490e-02,8.051875736075966850e-02,7.726928778621799943e-02,7.391530707443483283e-02,7.048072178121367326e-02,6.698801436232142137e-02,6.345786003710389422e-02,5.990875768534657114e-02,5.635667931475524944e-02,5.281474232129059615e-02,4.929290837199191283e-02,4.579771227351330659e-02,4.233202365417965823e-02,3.889484368879538717e-02,3.548113844044315651e-02,3.208170968958984348e-02,2.868310337610023228e-02,2.526755500289991005e-02,2.181297055014044806e-02,1.829294063536352627e-02,1.467678483841805548e-02,1.092962230054771861e-02,7.012463916988403642e-03,2.882320685060573220e-03,-1.507677939002247287e-03,-6.208162461971014970e-03,-1.127340589011844620e-02,-1.676121814111600564e-02,-2.273286035425762033e-02,-2.925298717131465803e-02,-3.638962483544436882e-02,-4.421419238297361748e-02,-5.280157219885815711e-02,-6.223023468180258200e-02,-7.258241963273628916e-02,-8.394437416914746208e-02,-9.640664343770338762e-02,-1.100644061577547156e-01,-1.250178421519119176e-01,-1.413725136504545843e-01,-1.592397364991869346e-01
5.683089438878595467e-02,6.268520435269329949e-02,6.806312868383201931e-02,7.297068932807716790e-02,7.741277070967282625e-02,8.139359364254500351e-02,8.491715987840241231e-02,8.798766117080253357e-02,9.060984773916025414e-02,9.278935208966830606e-02,9.453296521681084363e-02,9.584886321471568216e-02,9.674678323905602784e-02,9.723814856451030997e-02,9.733614318206494642e-02,9.705573698647644576e-02,9.641366313319767178e-02,9.542834961256799198e-02,9.411980751124715550e-02,9.250947881711930887e-02,9.062004698035823480e-02,8.847521377222532235e-02,8.609944628337351524e-02,8.351769817141026231e-02,8.075510949809132366e-02,7.783668968381804443e-02,7.478698824496907149e-02,7.162975806223303987e-02,6.838761595047010422e-02,6.508170525865362988e-02,6.173136511922575759e-02,5.835381078808755950e-02,5.496382926906066835e-02,5.157349410089639985e-02,4.819190280287764111e-02,4.482494003001536581e-02,4.147506898509755596e-02,3.814115307767455137e-02,3.481830921559174452e-02,3.149779346979834221e-02,2.816691917543790585e-02,2.480900682984991945e-02,2.140336442986302476e-02,1.792529616605036819e-02,1.434613667059084913e-02,1.063330730912411155e-02,6.750390327866893567e-03,2.657216029404755979e-03,-1.690042429448807568e-03,-6.338772526670642324e-03,-1.133983046035127312e-02,-1.674746040875777636e-02,-2.261923164490037622e-02,-2.901600007534525447e-02,-3.600190040015628645e-02,-4.364437439651062262e-02,-5.201423974910483056e-02,-6.118580232158590121e-02,-7.123701272640033111e-02,-8.224966546193712702e-02,-9.430963572716226373e-02,-1.075071453120368253e-01,-1.219370447563269955e-01,-1.376990943723944427e-01,-1.548982218751943085e-01
4.394512330064752337e-02,5.111985517964972442e-02,5.763364618602498379e-02,6.351641128016184690e-02,6.879450794656129242e-02,7.349142260240142110e-02,7.762840388759779942e-02,8.122504028433946699e-02,8.429978001732747750e-02,8.687039179207782513e-02,8.895436557971424241e-02,9.056925330654852502e-02,9.173294992352673538e-02,9.246391589619284979e-02,9.278134266346650671e-02,9.270526306460644128e-02,9.225660913426655951e-02,9.145722002334451262e-02,9.032980312578672843e-02,8.889785178435057056e-02,8.718552321489199397e-02,8.521748052997554779e-02,8.301870295725570503e-02,8.061426853321988772e-02,7.802911370441607819e-02,7.528777438148666346e-02,7.241411306131978476e-02,6.943103665478192466e-02,6.636020962774125120e-02,6.322176697814919921e-02,6.003403142948103566e-02,5.681323901954642153e-02,5.357327700335332010e-02,5.032543767021680631e-02,4.707819130058696344e-02,4.383698106008259571e-02,4.060404215087260599e-02,3.737824701864514432e-02,3.415497785256266239e-02,3.092602702218764585e-02,2.767952547644808928e-02,2.439989849303507430e-02,2.106784752060563218e-02,1.766035620995476049e-02,1.415071809392173287e-02,1.050858276025562650e-02,6.700016779371182653e-03,2.687575114007740521e-03,-1.569621733349785839e-03,-6.115809967548360704e-03,-1.099850955684001513e-02,-1.626846166167649280e-02,-2.197958198417830980e-02,-2.818893536829717578e-02,-3.495673651849359048e-02,-4.234638095228904914e-02,-5.042450921158160571e-02,-5.926110588316792216e-02,-6.892963308124135102e-02,-7.950719569727826563e-02,-9.107473291850856634e-02,-1.037172272727376887e-01,-1.175239188198870660e-01,-1.325885081500128571e-01,-1.490093276514944109e-01
3.175450259690452970e-02,4.021555183196563049e-02,4.783539876528900697e-02,5.466711443348892807e-02,6.075784267588137805e-02,6.614970192966994345e-02,7.088060981517316228e-02,7.498503136075544695e-02,7.849465178304190771e-02,8.143897493523495623e-02,8.384584881788748056e-02,8.574191987256708780e-02,8.715301811905984408e-02,8.810447553033073920e-02,8.862138035411647186e-02,8.872877038011293960e-02,8.845176841600785322e-02,8.781566347528495242e-02,8.684594139677534463e-02,8.556826881199977586e-02,8.400843455208878430e-02,8.219225274087942068e-02,8.014543195282780585e-02,7.789341492077686557e-02,7.546119335579017096e-02,7.287310248523606870e-02,7.015259992205553907e-02,6.732203344388612565e-02,6.440240218212602008e-02,6.141311559545207382e-02,5.837175442788827828e-02,5.529383762726932522e-02,5.219259892579865279e-02,4.907877646123978699e-02,4.596041844691932388e-02,4.284270748387566941e-02,3.972780565274205283e-02,3.661472203070489928e-02,3.349920375529880784e-02,3.037365120778590458e-02,2.722705732101722564e-02,2.404497043727728267e-02,2.080947955867159041e-02,1.749922025490658478e-02,1.408939893049257139e-02,1.055183261618787040e-02,6.855000949904751194e-03,2.964106563926118681e-03,-1.158860286274671124e-03,-5.555057313068566260e-03,-1.026873066013507876e-02,-1.534716495237400252e-02,-2.084064755056769247e-02,-2.680245134535281723e-02,-3.328883991952855115e-02,-4.035909814488438524e-02,-4.807559022418438077e-02,-5.650384580818963026e-02,-6.571267308554973319e-02,-7.577429564437333787e-02,-8.676450743688553235e-02,-9.876283735839007372e-02,-1.118527118118693847e-01,-1.261216002176190343e-01,-1.416611247983582955e-01
2.046506279215392493e-02,3.015255818476347480e-02,3.882549670348957316e-02,4.655912518419071111e-02,5.342047172187919940e-02,5.946946188842151121e-02,6.475993376448668792e-02,6.934055585547116429e-02,7.325565164000696905e-02,7.654593433501900857e-02,7.924915541306704059e-02,8.140067044040164013e-02,8.303392588859319356e-02,8.418087068642228499e-02,8.487229640605302439e-02,8.513811010783903233e-02,8.500754399496462943e-02,8.450930614870141855e-02,8.367167672504603748e-02,8.252255409215275561e-02,8.108945547349788452e-02,7.939947673195076050e-02,7.747921598222259898e-02,7.535466575041392667e-02,7.305107840616188730e-02,7.059280957166129411e-02,6.800314415913141786e-02,6.530410960094053252e-02,6.251628071183475133e-02,5.965858045838398627e-02,5.674808070537639554e-02,5.379980676174080101e-02,5.082654925973134619e-02,4.783868657146764236e-02,4.484402059820175035e-02,4.184762836240031592e-02,3.885173139418433147e-02,3.585558443590575184e-02,3.285538449642438213e-02,2.984420077543603264e-02,2.681192545412939415e-02,2.374524481833012804e-02,2.062762965165059956e-02,1.743934331729228224e-02,1.415746544719294168e-02,1.075592868631755801e-02,7.205565509379147950e-03,3.474161749860954929e-03,-4.734868287392871153e-04,-4.675518815730128445e-03,-9.172956310438381070e-03,-1.400966297528027926e-02,-1.923231486137448945e-02,-2.489038756758417056e-02,-3.103616278053259250e-02,-3.772475650530315860e-02,-4.501417030841817213e-02,-5.296536563371495587e-02,-6.164235970098184969e-02,-7.111233964794660967e-02,-8.144578943002542259e-02,-9.271662156219945272e-02,-1.050023030973710886e-01,-1.183839623172551342e-01,-1.329464594989961113e-01
1.027486777889027869e-02,2.110423099045194775e-02,3.075512317257185838e-02,3.932374465492854271e-02,4.689589126029156119e-02,5.354828035687820426e-02,5.934975226853642094e-02,6.436235413426097396e-02,6.864231264218770279e-02,7.224090157676078816e-02,7.520520977525797790e-02,7.757881485835588231e-02,7.940236795039889994e-02,8.071409451502306598e-02,8.155021638230319780e-02,8.194530002063257768e-02,8.193253609976251794e-02,8.154395539322639719e-02,8.081058607304208996e-02,7.976255745260016350e-02,7.842915523111235188e-02,7.683883328131360657e-02,7.501918699777194999e-02,7.299689318267810201e-02,7.079762138592145260e-02,6.844592153329158435e-02,6.596509256768108564e-02,6.337703669045094412e-02,6.070210362134125653e-02,5.795892909369276813e-02,5.516427156612185162e-02,5.233285086166167971e-02,4.947719214094152551e-02,4.660747827813788852e-02,4.373141333882862858e-02,4.085409945986170910e-02,3.797792900595703403e-02,3.510249342971693415e-02,3.222450979541199162e-02,2.933776544736258624e-02,2.643308081662262832e-02,2.349828987130625838e-02,2.051823723326999180e-02,1.747479051468063538e-02,1.434686598076444393e-02,1.111046522913847201e-02,7.738720201980225227e-03,4.201943526466874086e-03,4.676809242914935975e-04,-3.499237743028229316e-03,-7.736652304022963167e-03,-1.228503445717134268e-02,-1.718746160689885172e-02,-2.248960534043908943e-02,-2.823973703611139599e-02,-3.448875240653694052e-02,-4.129021588220606331e-02,-4.870042461653374677e-02,-5.677849053281368991e-02,-6.558643723236151635e-02,-7.518930674511599410e-02,-8.565526904018815058e-02,-9.705572494201668288e-02,-1.094653906394104231e-01,-1.229623493505951626e-01
1.371207604025225825e-03,1.323448631478201659e-02,2.376724269463233868e-02,3.308517157938004050e-02,4.129151015141171305e-02,4.847856585327248863e-02,5.472909708584113020e-02,6.011755658751867515e-02,6.471120641619371172e-02,6.857111268345919552e-02,7.175302758670185077e-02,7.430816581750687710e-02,7.628388206583475162e-02,7.772425606405020115e-02,7.867059140258965411e-02,7.916183418315604625e-02,7.923491744251232038e-02,7.892503716966776939e-02,7.826586564313570138e-02,7.728970772620999408e-02,7.602760567122170132e-02,7.450939789364785515e-02,7.276373707945504865e-02,7.081807288028807434e-02,6.869860432752068757e-02,6.643020695457402258e-02,6.403633945443801267e-02,6.153893451357539401e-02,5.895827825237204278e-02,5.631288246456262608e-02,5.361935358269880741e-02,5.089226200342282513e-02,4.814401508535956498e-02,4.538473678477110418e-02,4.262215652128845123e-02,3.986150947023397312e-02,3.710545006208426644e-02,3.435398003691712138e-02,3.160439195625424497e-02,2.885122862116217685e-02,2.608625838900272345e-02,2.329846592762255600e-02,2.047405750144580192e-02,1.759647945593925331e-02,1.464644816301124107e-02,1.160198931859978723e-02,8.438484154358237566e-03,5.128719848229619689e-03,1.642941205073607377e-03,-2.051099459337694855e-03,-5.988097346395546312e-03,-1.020515817566696078e-02,-1.474177204684361774e-02,-1.963980074416664043e-02,-2.494348060971390835e-02,-3.069944249396222569e-02,-3.695674949902306300e-02,-4.376695225265949535e-02,-5.118416028443764643e-02,-5.926512671890540179e-02,-6.806934195968682155e-02,-7.765913032316054676e-02,-8.809974170523461601e-02,-9.945942834551384226e-02,-1.118094946038152293e-01
-6.072091256394906121e-03,6.695377095716026870e-03,1.799441537932663579e-02,2.795852637613484293e-02,3.670686039401101913e-02,4.434593393509831533e-02,5.097117978684985451e-02,5.666834100037194955e-02,6.151471997208351333e-02,6.558029282050339970e-02,6.892869841654021557e-02,7.161811075128868276e-02,7.370200278096744606e-02,7.522980944841886619e-02,7.624749722217508130e-02,7.679804719857515061e-02,7.692185856410627132e-02,7.665707900116969231e-02,7.603986843034940546e-02,7.510460230742636856e-02,7.388402052679139687e-02,7.240932781870876300e-02,7.071025136112801812e-02,6.881506115321583961e-02,6.675055851385955363e-02,6.454203787097499700e-02,6.221322679390659666e-02,5.978620898938120237e-02,5.728133472968611334e-02,5.471712290879605228e-02,5.211015862738987287e-02,4.947498989092140309e-02,4.682402666652381307e-02,4.416744518546860537e-02,4.151309999965504399e-02,3.886644590521332043e-02,3.623047143635152456e-02,3.360564521118804271e-02,3.098987598214912945e-02,2.837848681076244467e-02,2.576420335505754527e-02,2.313715583253998440e-02,2.048489380862620127e-02,1.779241256586546263e-02,1.504218944017525830e-02,1.221422817424462973e-02,9.286109043437266661e-03,6.233042264857445273e-03,3.027922015320684557e-03,-3.586217309442891934e-04,-3.958176368100409410e-03,-7.804507593188749447e-03,-1.193353071281949909e-02,-1.638329464907576846e-02,-2.119398056967196353e-02,-2.640791653070978864e-02,-3.206960884169526849e-02,-3.822579003735993713e-02,-4.492548236829069924e-02,-5.222007460540852020e-02,-6.016340869902262606e-02,-6.881187145224440527e-02,-7.822448487419068897e-02,-8.846298728441445713e-02,-9.959189555799728699e-02
-1.189720336568727242e-02,1.624812430719443186e-03,1.355674378065837432e-02,2.404799986845199827e-02,3.323192513480144328e-02,4.122769472991064804e-02,4.814202153431718090e-02,5.407068952164142961e-02,5.909992674934146789e-02,6.330763002085339208e-02,6.676445223116975192e-02,6.953476255541468642e-02,7.167748893606669391e-02,7.324685174178764691e-02,7.429299698517864703e-02,7.486253707733341034e-02,7.499900674612103302e-02,7.474324143795431363e-02,7.413368524723440434e-02,7.320663516376332836e-02,7.199642818808241196e-02,7.053557763132484171e-02,6.885486468436796681e-02,6.698339110641685079e-02,6.494859864200830391e-02,6.277626052482539187e-02,6.049045016425001059e-02,5.811349183436621824e-02,5.566589789375309821e-02,5.316629675693077678e-02,5.063135551427330044e-02,4.807570075656843189e-02,4.551184080365049123e-02,4.295009216459664408e-02,4.039851267127714252e-02,3.786284332947979780e-02,3.534646052475852451e-02,3.285033980642593915e-02,3.037303205602881820e-02,2.791065242998143348e-02,2.545688205401665932e-02,2.300298204443700090e-02,2.053781904296167124e-02,1.804790108389418488e-02,1.551742227047749230e-02,1.292831442824264425e-02,1.026030363395476382e-02,7.490969296945084940e-03,4.595803303144032313e-03,1.548266629302715589e-03,-1.680159195760939656e-03,-5.119928355964377918e-03,-8.803397172719726674e-03,-1.276480288758015218e-02,-1.704025666120310978e-02,-2.166775219888631560e-02,-2.668719085304659122e-02,-3.214042338104022151e-02,-3.807130775540790157e-02,-4.452578153908324371e-02,-5.155194635976083350e-02,-5.920016095773811965e-02,-6.752313815421794041e-02,-7.657603990666606020e-02,-8.641656339698691736e-02
-1.596465650828174376e-02,-1.855552221236935568e-03,1.055997807966826268e-02,2.144514922312856786e-02,3.094560400178856391e-02,3.919146886941208413e-02,4.629920311860934862e-02,5.237325834317951151e-02,5.750756329580682807e-02,6.178684782467025460e-02,6.528781837585533043e-02,6.808019654808922239e-02,7.022763135024370773e-02,7.178849511104383463e-02,7.281657239842612150e-02,7.336165080028948793e-02,7.347002197956269132e-02,7.318490102829001975e-02,7.254677179437042656e-02,7.159366552972599995e-02,7.036137990120096275e-02,6.888364510834830978e-02,6.719224355983517694e-02,6.531708926804680182e-02,6.328627282607952875e-02,6.112607752993667876e-02,5.886097189925194179e-02,5.651358353067041651e-02,5.410465888799950024e-02,5.165301329171403943e-02,4.917547501709214341e-02,4.668682704530408706e-02,4.419974963571449839e-02,4.172476650142892263e-02,3.927019697506577839e-02,3.684211614961719478e-02,3.444432457223335631e-02,3.207832865938591016e-02,2.974333259309504610e-02,2.743624205309662389e-02,2.515167974272435394e-02,2.288201228101734500e-02,2.061738766464706399e-02,1.834578215557541164e-02,1.605305512915794833e-02,1.372301012829307831e-02,1.133746011810773772e-02,8.876294728754225219e-03,6.317547117561233064e-03,3.637457982511332899e-03,8.105342232140767952e-04,-2.190400220669912364e-03,-5.394163714663533643e-03,-8.831188630739875492e-03,-1.253350730511378075e-02,-1.653475379643959756e-02,-2.087018254757956257e-02,-2.557670453254227982e-02,-3.069294087398362347e-02,-3.625929325510863360e-02,-4.231802973518041661e-02,-4.891338382492897707e-02,-5.609166390347063158e-02,-6.390136927893097507e-02,-7.239330842684868483e-02
-1.815546766590900307e-02,-3.642226519906023325e-03,9.093803817518130578e-03,2.022736247015597191e-02,2.991433455524145080e-02,3.829394832631050072e-02,4.549074970509198179e-02,5.161637273399002912e-02,5.677112261839738910e-02,6.104538645206303987e-02,6.452088539092895592e-02,6.727178092461973125e-02,6.936564695574916339e-02,7.086431860394183657e-02,7.182462797583906433e-02,7.229903655982099220e-02,7.233617339376034738e-02,7.198128769829841012e-02,7.127662425251493628e-02,7.026172940186835303e-02,6.897369522072156756e-02,6.744734899646225024e-02,6.571539485362419553e-02,6.380851399027806514e-02,6.175542965207522772e-02,5.958294261930026370e-02,5.731594262736333656e-02,5.497740078010971559e-02,5.258834764734775236e-02,5.016784136268680194e-02,4.773292965507626440e-02,4.529860935762530794e-02,4.287778654097108844e-02,4.048124001659353377e-02,3.811759054932301050e-02,3.579327770946380549e-02,3.351254588540961143e-02,3.127744056963862457e-02,2.908781562716181157e-02,2.694135185879962396e-02,2.483358678534474881e-02,2.275795520630532337e-02,2.070583973239014872e-02,1.866663015835290373e-02,1.662779023667517592e-02,1.457493013748302826e-02,1.249188264088174627e-02,1.036078090948678969e-02,8.162135536262016614e-03,5.874908460655527478e-03,3.476581298946005826e-03,9.432156466347052688e-04,-1.750497015229345293e-03,-4.631198039752583602e-03,-7.726838987216390862e-03,-1.106667541302606105e-02,-1.468127850739754658e-02,-1.860256564622602901e-02,-2.286385049218656040e-02,-2.749991283428545111e-02,-3.254708788836147004e-02,-3.804337431857959112e-02,-4.402855980088984933e-02,-5.054436255494331592e-02,-5.763458694224808665e-02
-1.837303434104026190e-02,-3.651573123586546784e-03,9.230334605695614952e-03,2.045651145840024152e-02,3.019088740167517534e-02,3.857981762926820241e-02,4.575416391735344368e-02,5.183115939920588527e-02,5.691607470015096898e-02,6.110370168745942604e-02,6.447966966754332951e-02,6.712160766508101784e-02,6.910016540819520492e-02,7.047990478639853951e-02,7.132007281330872417e-02,7.167526648772536146e-02,7.159599938218574877e-02,7.112917927906829696e-02,7.031850570573054682e-02,6.920479578022273315e-02,6.782624635865440454e-02,6.621864006737211705e-02,6.441550240256947724e-02,6.244821668303652401e-02,6.034610324577238671e-02,5.813646887726085094e-02,5.584463207408004587e-02,5.349392932439969717e-02,5.110570719639517118e-02,4.869930461057409704e-02,4.629202926063899493e-02,4.389913173222917409e-02,4.153378045138156338e-02,3.920704017576422812e-02,3.692785632287133579e-02,3.470304701189214081e-02,3.253730428161837052e-02,3.043320553754163757e-02,2.839123587949155328e-02,2.640982156931393973e-02,2.448537451897853795e-02,2.261234731616861351e-02,2.078329796009660904e-02,1.898896315846414565e-02,1.721833874076211454e-02,1.545876547722716335e-02,1.369601836053141279e-02,1.191439721244865954e-02,1.009681632393091832e-02,8.224890727561037784e-03,6.279016639038702274e-03,4.238443591284234840e-03,2.081335821946547412e-03,-2.151794377587275091e-04,-2.674978989965145614e-03,-5.322928051302415649e-03,-8.184883811287183702e-03,-1.128771974827755438e-02,-1.465937202613907739e-02,-1.832890903911107983e-02,-2.232662493740431367e-02,-2.668415777393856603e-02,-3.143463278796766736e-02,-3.661283131061340151e-02,-4.225538586808184893e-02
-1.654475558709583849e-02,-1.821249114956273929e-03,1.102283015787299675e-02,2.217781133445320685e-02,3.181335102814687038e-02,4.008084968859189356e-02,4.711561984873255393e-02,5.303882728155560888e-02,5.795922397425219696e-02,6.197469007147170250e-02,6.517360046237065385e-02,6.763603044429630784e-02,6.943481384809022106e-02,7.063646611883876714e-02,7.130198407849865083e-02,7.148753342491293017e-02,7.124503442170564138e-02,7.062265568623579681e-02,6.966522547307553437e-02,6.841456936673573352e-02,6.690978283093776402e-02,6.518744660635614196e-02,6.328179250005022682e-02,6.122482666480134200e-02,5.904641702336733966e-02,5.677435105010490007e-02,5.443436967986731156e-02,5.205018267131827914e-02,4.964347030883507761e-02,4.723387588424551170e-02,4.483899295716901184e-02,4.247435095129866583e-02,4.015340220432401380e-02,3.788751315229016425e-02,3.568596189614105241e-02,3.355594397032769793e-02,3.150258771220396797e-02,2.952898021821919600e-02,2.763620447059100815e-02,2.582338782834526711e-02,2.408776170167548081e-02,2.242473187100774146e-02,2.082795857461849573e-02,1.928944517392494964e-02,1.779963391651910934e-02,1.634750705654561265e-02,1.492069136298833539e-02,1.350556385155128949e-02,1.208735641755036283e-02,1.065025692759772116e-02,9.177504248245331800e-03,7.651474650646504679e-03,6.053757030982108260e-03,4.365214424614658612e-03,2.566029363470966919e-03,6.357307244543883382e-04,-1.446800167560686502e-03,-3.703346297828898417e-03,-6.156396586662255845e-03,-8.829214307246854854e-03,-1.174593419607753396e-02,-1.493169020932590997e-02,-1.841277604173155794e-02,-2.221684083009134447e-02,-2.637312294585080971e-02
-1.262336021817606242e-02,1.888619173756920112e-03,1.450465765410021736e-02,2.541890263617268067e-02,3.480432072087719791e-02,4.281518903817105315e-02,4.958932939799148149e-02,5.525010692263048612e-02,5.990821270968996887e-02,6.366324829518034412e-02,6.660512819870433032e-02,6.881531558776216029e-02,7.036790505032171350e-02,7.133056557282882459e-02,7.176535604902088694e-02,7.172942496309472893e-02,7.127560527436394011e-02,7.045291496010770704e-02,6.930697313407697957e-02,6.788034113924920621e-02,6.621279750730005298e-02,6.434155517882096664e-02,6.230142888439373777e-02,6.012496009545520437e-02,5.784250646461419620e-02,5.548230218750622306e-02,5.307049523256149315e-02,5.063116690161886813e-02,4.818633870367115823e-02,4.575597104678638671e-02,4.335795778008811469e-02,4.100812014933465782e-02,3.872020326693167980e-02,3.650587774106452826e-02,3.437474866008322777e-02,3.233437368848619126e-02,3.039029160114420716e-02,2.854606216424990586e-02,2.680331786648410680e-02,2.516182761381652311e-02,2.361957212809224008e-02,2.217283043509968299e-02,2.081627649426326040e-02,1.954308471160588409e-02,1.834504279235251931e-02,1.721267013162519968e-02,1.613533971312859638e-02,1.510140128834491259e-02,1.409830344400373088e-02,1.311271203440625768e-02,1.213062235777158382e-02,1.113746239134312879e-02,1.011818436643279612e-02,9.057341958081560271e-03,7.939150378658166307e-03,6.747526692022512429e-03,5.466107693351324702e-03,4.078242714418233925e-03,2.566958696276201886e-03,9.148947980519774471e-04,-8.957963451611515322e-04,-2.883583871848451833e-03,-5.067734026279983352e-03,-7.468529755565509257e-03,-1.010753959146027531e-02
-6.587923059275876611e-03,7.494545131451025438e-03,1.968851189732735360e-02,3.018916990514525223e-02,3.917030406991885150e-02,4.678683372319394213e-02,5.317709099721089350e-02,5.846485738508278712e-02,6.276117832422632714e-02,6.616597389855005673e-02,6.876946230585663511e-02,7.065341153467238899e-02,7.189223368787443780e-02,7.255393553347856683e-02,7.270093811688067842e-02,7.239077760173934228e-02,7.167669889329689181e-02,7.060815301916283093e-02,6.923120868466665911e-02,6.758888787348579785e-02,6.572143482350654986e-02,6.366652716953101476e-02,6.145943750709721709e-02,5.913315309515955465e-02,5.671846088025168930e-02,5.424400449199042601e-02,5.173631933050308607e-02,4.921985134171252135e-02,4.671696455747717525e-02,4.424794196535792451e-02,4.183098376819570363e-02,3.948220659761136897e-02,3.721564675884608125e-02,3.504327010793099884e-02,3.297499069694408841e-02,3.101869987008882765e-02,2.918030705361287364e-02,2.746379305737070911e-02,2.587127629641508206e-02,2.440309194876178617e-02,2.305788369187232109e-02,2.183270730696068584e-02,2.072314510851184025e-02,1.972342984796195131e-02,1.882657645686061643e-02,1.802451973744863961e-02,1.730825587871518897e-02,1.666798547466044264e-02,1.609325554931243657e-02,1.557309795010099196e-02,1.509616135677570303e-02,1.465083406541597272e-02,1.422535464307945162e-02,1.380790750334033243e-02,1.338670041919734488e-02,1.295002095763598919e-02,1.248626877626269997e-02,1.198396064980889429e-02,1.143170497152681993e-02,1.081814227543984562e-02,1.013184801894613865e-02,9.361193415181538746e-03,8.494159469559552089e-03,7.518098508936559531e-03,6.419436344304304404e-03
1.555446273133219426e-03,1.498908866970530621e-02,2.656590699213953397e-02,3.647930838177162322e-02,4.490135356898415642e-02,5.198532537645239593e-02,5.786802937771484689e-02,6.267184853920826360e-02,6.650657162991041593e-02,6.947101351734361052e-02,7.165444411409693792e-02,7.313784163085190748e-02,7.399498487166462912e-02,7.429339852411444289e-02,7.409516470857285819e-02,7.345761342369705460e-02,7.243390393398978222e-02,7.107350857191281623e-02,6.942260985978671028e-02,6.752442128864351301e-02,6.541944151907962135e-02,6.314565119230736157e-02,6.073866095900779666e-02,5.823181875115334555e-02,5.565628374002560413e-02,5.304107384457786012e-02,5.041309308030873099e-02,4.779714447187752291e-02,4.521593369446496452e-02,4.269006806074722438e-02,4.023805493345882639e-02,3.787630311885478024e-02,3.561913028481682869e-02,3.347877894970276158e-02,3.146544310511968645e-02,2.958730706844434413e-02,2.785059770998836448e-02,2.625965076614140276e-02,2.481699153459671070e-02,2.352342985189519523e-02,2.237816887806788266e-02,2.137892685917816213e-02,2.052207070711750680e-02,1.980275992810519650e-02,1.921509914792056753e-02,1.875229722376958730e-02,1.840683070048381581e-02,1.817060916282647876e-02,1.803513985600602165e-02,1.799168879249470054e-02,1.803143543358112777e-02,1.814561792637725546e-02,1.832566578748765981e-02,1.856331684764108217e-02,1.885071519934491610e-02,1.918048681117538734e-02,1.954578937319251253e-02,1.994033279943836084e-02,2.035836661189581107e-02,2.079463013652592743e-02,2.124426102102305522e-02,2.170265699452781152e-02,2.216528498433704975e-02,2.262743063026832063e-02,2.308387983474084054e-02
1.177325373747204439e-02,2.434057156016057946e-02,3.510694940650875562e-02,4.426114789454591719e-02,5.197093473864800028e-02,5.838565527003140160e-02,6.363853354291541808e-02,6.784872527555460553e-02,7.112314196857347226e-02,7.355806403180206732e-02,7.524055955504183046e-02,7.624972440256828909e-02,7.665775852841320848e-02,7.653089274249046114e-02,7.593017956056803686e-02,7.491216120921939670e-02,7.352942730572836760e-02,7.183107417679766848e-02,6.986307721022996797e-02,6.766858704726461116e-02,6.528815982043491284e-02,6.275993102548292624e-02,6.011974199010720887e-02,5.740122727164970878e-02,5.463587068468533231e-02,5.185303703186829732e-02,4.907998599074276519e-02,4.634187399834215071e-02,4.366174937650219717e-02,4.106054535561388247e-02,3.855707508436353320e-02,3.616803215887547801e-02,3.390799966741595006e-02,3.178947022714520565e-02,2.982287898796871090e-02,2.801665109597079734e-02,2.637726464585516545e-02,2.490932970892193940e-02,2.361568360105113090e-02,2.249750215461207570e-02,2.155442637984099005e-02,2.078470354565560216e-02,2.018534137768593709e-02,1.975227376299361695e-02,1.948053606692390360e-02,1.936444790803922358e-02,1.939780100218796086e-02,1.957404947628363021e-02,1.988649986577609857e-02,2.032849784607291405e-02,2.089360860562159208e-02,2.157578764434978091e-02,2.236953867172710581e-02,2.327005517812799629e-02,2.427334215334423645e-02,2.537631431586287109e-02,2.657686708087519251e-02,2.787391631418497176e-02,2.926740266792448100e-02,3.075825594056982165e-02,3.234831440945273862e-02,3.404019340264350518e-02,3.583709645504357805e-02,3.774256116976659053e-02,3.976013031254427982e-02
2.400461806010704274e-02,3.549310855435127560e-02,4.526039931338082800e-02,5.348774053709396542e-02,6.033603607831185267e-02,6.594839234965137187e-02,7.045239862939176034e-02,7.396215896034456783e-02,7.658009414690501726e-02,7.839853107845429214e-02,7.950109564566122666e-02,7.996392478044438146e-02,7.985671256213582037e-02,7.924360482744270684e-02,7.818395625076261790e-02,7.673296338929866400e-02,7.494218669204658068e-02,7.285997394142036676e-02,7.053179702742803925e-02,6.800051334892837085e-02,6.530656250016350639e-02,6.248810824087872723e-02,5.958113507288777255e-02,5.661950806260646063e-02,5.363500386472524334e-02,5.065732022262359191e-02,4.771407055101532790e-02,4.483076954926585450e-02,4.203081515253313111e-02,3.933547150430274919e-02,3.676385702939586470e-02,3.433294110210124289e-02,3.205755224042557139e-02,2.995040021510756226e-02,2.802211394145393691e-02,2.628129652363868710e-02,2.473459834525747192e-02,2.338680864703424414e-02,2.224096560301043468e-02,2.129848450065167584e-02,2.055930324837587642e-02,2.002204407626014329e-02,1.968418996225055825e-02,1.954227400709354287e-02,1.959207969631832427e-02,1.982884972666758977e-02,2.024750083697103228e-02,2.084284186895328170e-02,2.160979209096968931e-02,2.254359664591291251e-02,2.364003583174935016e-02,2.489562478677793261e-02,2.630780002808152940e-02,2.787508917547493539e-02,2.959726007698763178e-02,3.147544542491512165e-02,3.351223879902760078e-02,3.571175787577404726e-02,3.807967027307711944e-02,4.062317712595954478e-02,4.335094896678301502e-02,4.627300776432056312e-02,4.940054799802207075e-02,5.274568833855289990e-02,5.632114379569229390e-02
3.816161831357888640e-02,4.836695799099966636e-02,5.695402409837409252e-02,6.409371619345631543e-02,6.993752503942256282e-02,7.462003750723775197e-02,7.826117588851659590e-02,8.096819024831243550e-02,8.283742107392527698e-02,8.395584852947439447e-02,8.440244398806076576e-02,8.424933907566041491e-02,8.356282713150854635e-02,8.240421169619190078e-02,8.083051632862381375e-02,7.889506969292330030e-02,7.664797942829569555e-02,7.413650781414873880e-02,7.140536167262134803e-02,6.849690832086108294e-02,6.545132870812467307e-02,6.230671816135732038e-02,5.909914443008018603e-02,5.586267197854344335e-02,5.262936072974459117e-02,4.942924672971351491e-02,4.629031147727524775e-02,4.323844595859461376e-02,4.029741474017960179e-02,3.748882481067473960e-02,3.483210322199612602e-02,3.234448696493235492e-02,3.004102792373750108e-02,2.793461518876620697e-02,2.603601646605092912e-02,2.435393980805958258e-02,2.289511640084365349e-02,2.166440467951831136e-02,2.066491560659890203e-02,1.989815853618441543e-02,1.936420670127247251e-02,1.906188100144294226e-02,1.898895043345364200e-02,1.914234719750033259e-02,1.951839422640100352e-02,2.011304262302178805e-02,2.092211625198232491e-02,2.194156051404439617e-02,2.316769213444209649e-02,2.459744661841497745e-02,2.622861986673424156e-02,2.806010029896497185e-02,3.009208769968493846e-02,3.232629487868677459e-02,3.476612811412889414e-02,3.741684221852631387e-02,4.028566591809726316e-02,4.338189304746414843e-02,4.671693480810108767e-02,5.030432798562104596e-02,5.415969352336630349e-02,5.830063915216799481e-02,6.274659881157272634e-02,6.751860028832860905e-02,7.263895075570572790e-02
5.412999123647270483e-02,6.285919201941943257e-02,7.009524491638223498e-02,7.599590748122249384e-02,8.070075216847584498e-02,8.433360668194295195e-02,8.700473366639475958e-02,8.881276625943133884e-02,8.984641508349529293e-02,9.018596176092558148e-02,8.990455382891084091e-02,8.906931588355333773e-02,8.774229178417758401e-02,8.598123271921692679e-02,8.384024581957881528e-02,8.137031777485115303e-02,7.861972755241204702e-02,7.563436184433468268e-02,7.245794628631524459e-02,6.913220482618666340e-02,6.569695888812930595e-02,6.219017720299066521e-02,5.864798637356127137e-02,5.510465143169033381e-02,5.159253483411323921e-02,4.814204154518925138e-02,4.478155707420305304e-02,4.153738457712466414e-02,3.843368640075261328e-02,3.549243474277416488e-02,3.273337542541973622e-02,3.017400813348693894e-02,2.782958584967565666e-02,2.571313563136942704e-02,2.383550231312251896e-02,2.220541618805998985e-02,2.082958521906469115e-02,1.971281185689105833e-02,1.885813409704539118e-02,1.826698999015537866e-02,1.793940443123976172e-02,1.787419669124416799e-02,1.806920681870707174e-02,1.852153872954500832e-02,1.922781751760010288e-02,2.018445825652629214e-02,2.138794332345090449e-02,2.283510505524028247e-02,2.452341034774419698e-02,2.645124362577418523e-02,2.861818444551178162e-02,3.102527584021572832e-02,3.367527938286917627e-02,3.657291281338330424e-02,3.972506595926167394e-02,4.314099056077320971e-02,4.683245948421796423e-02,5.081389065353125734e-02,5.510243082710722384e-02,5.971799405911490388e-02,6.468324926642009254e-02,7.002355071359178673e-02,7.576680435516519596e-02,8.194326174837535115e-02,8.858523157096073741e-02
7.177017341290148345e-02,7.884468300934822926e-02,8.457207424372058246e-02,8.909424329913598339e-02,9.253640366159789077e-02,9.500944386865126101e-02,9.661203106415615360e-02,9.743247417043920944e-02,9.755036014180140658e-02,9.703797686431252234e-02,9.596153662539785856e-02,9.438221452792190658e-02,9.235701663799344985e-02,8.993949294357035662e-02,8.718031030958992011e-02,8.412770052408996557e-02,8.082779824221375531e-02,7.732488317114212528e-02,7.366154022823172276e-02,6.987875067993692957e-02,6.601592646291126742e-02,6.211089903032619014e-02,5.819987318067329496e-02,5.431735543291175972e-02,5.049606562577175356e-02,4.676683955108540403e-02,4.315852958846084358e-02,3.969790949600100760e-02,3.640958873166673382e-02,3.331594093349265345e-02,3.043705047450965054e-02,2.779068032973860958e-02,2.539226384759094707e-02,2.325492240597181251e-02,2.138951035388668431e-02,1.980468809201483063e-02,1.850702363019342267e-02,1.750112247572137986e-02,1.678978525345970960e-02,1.637419203638205978e-02,1.625411197285000359e-02,1.642813643356820855e-02,1.689393356578005115e-02,1.764852183340327729e-02,1.868855983785467148e-02,2.001064945347387145e-02,2.161164907185137568e-02,2.348899352916095085e-02,2.564101708815435046e-02,2.806727566050615241e-02,3.076886428487870043e-02,3.374872572110289293e-02,3.701194588133191465e-02,4.056603169506061562e-02,4.442116689599717727e-02,4.859044112259719439e-02,5.309004763478623878e-02,5.793944485538796846e-02,6.316147682586900625e-02,6.878244749040418604e-02,7.483214344349781166e-02,8.134379933092279746e-02,8.835399939967378269e-02,9.590250765022385881e-02,1.040320175385539697e-01
9.091867920004774450e-02,9.617739923523005441e-02,1.002543395726410713e-01,1.032729079676080464e-01,1.053416008837001067e-01,1.065562638360288555e-01,1.070021049990709933e-01,1.067554725363353968e-01,1.058854065515886650e-01,1.044549774509816037e-01,1.025224235935994904e-01,1.001421021873045852e-01,9.736526830384811815e-02,9.424069754527449050e-02,9.081516824707509816e-02,8.713381914796630712e-02,8.324039821629226898e-02,7.917741784116100190e-02,7.498623092258047129e-02,7.070704157966785364e-02,6.637886328579126194e-02,6.203943627372274228e-02,5.772511506412392884e-02,5.347073598085459734e-02,4.930947354374594360e-02,4.527269368500545094e-02,4.138981082629353964e-02,3.768815498347440063e-02,3.419285423661080209e-02,3.092673711405475798e-02,2.791025869080560398e-02,2.516145349163523975e-02,2.269591761772694893e-02,2.052682188074539740e-02,1.866495712952801270e-02,1.711881239130500984e-02,1.589468592098228911e-02,1.499682875806757423e-02,1.442761993074932574e-02,1.418777201977309069e-02,1.427656540019749988e-02,1.469210911565273399e-02,1.543162600582770327e-02,1.649175940168855908e-02,1.786889842217308927e-02,1.955951864837318990e-02,2.156053471397960386e-02,2.386966113159897859e-02,2.648577747141247010e-02,2.940929382014432353e-02,3.264251227404058042e-02,3.618998006034412906e-02,4.005882973976433031e-02,4.425910182105103480e-02,4.880404502201074468e-02,5.371038934264402848e-02,5.899858707659549895e-02,6.469301687259955413e-02,7.082214595496445775e-02,7.741864559498677634e-02,8.451945484935771691e-02,9.216578738119843295e-02,1.004030757642809385e-01,1.092808469272141120e-01,1.188525211873087684e-01
1.113898011178527103e-01,1.146919995814403292e-01,1.169951858124200078e-01,1.184017610294530176e-01,1.190012440318924392e-01,1.188724234098741117e-01,1.180852707490812753e-01,1.167026212193888746e-01,1.147816294355944039e-01,1.123750104054278276e-01,1.095320774052085944e-01,1.062995904844132311e-01,1.027224308169399636e-01,9.884411719064432889e-02,9.470718152934831657e-02,9.035342049689483457e-02,8.582403999837304176e-02,8.115970884363496451e-02,7.640053705071214729e-02,7.158599331471945937e-02,6.675477511413953347e-02,6.194464382158541144e-02,5.719223606849575120e-02,5.253286150990145453e-02,4.800029606436872348e-02,4.362657867623588592e-02,3.944181866782588836e-02,3.547401982033795975e-02,3.174892644324886493e-02,2.828989586168827869e-02,2.511780096727382269e-02,2.225096573812952033e-02,1.970513593632504390e-02,1.749348653418032057e-02,1.562666680357591500e-02,1.411288342371598038e-02,1.295802142205404288e-02,1.216580225975530220e-02,1.173797790653616918e-02,1.167455931921805579e-02,1.197407734278616541e-02,1.263387369068394959e-02,1.365041933056524055e-02,1.501965730034618245e-02,1.673736670427363946e-02,1.879954438663138452e-02,2.120280054825450858e-02,2.394476435494971231e-02,2.702449538446197175e-02,3.044289656800461263e-02,3.420312410332791708e-02,3.831098965067723100e-02,4.277534997517864340e-02,4.760847907636277937e-02,5.282641775740004597e-02,5.844929554442417075e-02,6.450161988081845599e-02,7.101252759944583215e-02,7.801599381580480441e-02,8.555099357056902831e-02,9.366161174299225678e-02,1.023970968913430479e-01,1.118118546544825537e-01,1.219653760381415597e-01,1.329220951495350689e-01
1.329776153423576635e-01,1.342057138881115053e-01,1.346328466932027457e-01,1.343380112477686739e-01,1.333895961858347634e-01,1.318474196804476084e-01,1.297645358573613072e-01,1.271888107556019276e-01,1.241642722836125701e-01,1.207322419138280867e-01,1.169322590831624181e-01,1.128028120894350728e-01,1.083818914880611273e-01,1.037073835112851394e-01,9.881732186016203845e-02,9.375001642836620908e-02,8.854407721363732886e-02,8.323835097649971704e-02,7.787178723171718497e-02,7.248324900625630063e-02,6.711128254979022156e-02,6.179385890170902007e-02,5.656809894589892584e-02,5.146999234980073612e-02,4.653411960427251276e-02,4.179338526377812668e-02,3.727876943477220761e-02,3.301910357258706213e-02,2.904087572041032586e-02,2.536806945404971106e-02,2.202203997907342323e-02,1.902143005900345379e-02,1.638212773160332286e-02,1.411726709274821467e-02,1.223727279236311999e-02,1.074994829346383705e-02,9.660607392791563039e-03,8.972247989409685293e-03,8.685766615409210717e-03,8.800211809799101531e-03,9.313074021597724655e-03,1.022060936941603972e-02,1.151819426012376871e-02,1.320070757552840174e-02,1.526293686972728103e-02,1.770000477672040856e-02,2.050781160347333459e-02,2.368348987340075651e-02,2.722586638524898683e-02,3.113592715986136100e-02,3.541728046165892180e-02,4.007661290523968634e-02,4.512413349668913803e-02,5.057400032522059441e-02,5.644472453001399270e-02,6.275954614063083969e-02,6.954677645095323768e-02,7.684010175903006890e-02,8.467884360427473112e-02,9.310817105948977768e-02,1.021792611629578906e-01,1.119494041440247112e-01,1.224820505983476027e-01,1.338467980525011869e-01,1.461193142248349286e-01
1.554582710199672591e-01,1.545204927320088240e-01,1.529926736365569973e-01,1.509281373424789241e-01,1.483721036404564708e-01,1.453636135934508744e-01,1.419372276321409776e-01,1.381244924398231100e-01,1.339551772621955794e-01,1.294582853820342994e-01,1.246628512554457668e-01,1.195985377967217211e-01,1.142960512989981831e-01,1.087873934337317827e-01,1.031059707542395093e-01,9.728658228403984365e-02,9.136530527938477309e-02,8.537929829813747928e-02,7.936653944582583442e-02,7.336551623688200574e-02,6.741488200556705612e-02,6.155309229805458471e-02,5.581803322079403884e-02,5.024665233727410030e-02,4.487460140815251186e-02,3.973589906133048744e-02,3.486262035595047437e-02,3.028461916138088655e-02,2.602928830171746810e-02,2.212136151094893158e-02,1.858276039728908383e-02,1.543248882203529342e-02,1.268657635472298512e-02,1.035807176956159148e-02,8.457086896436687845e-03,6.990890532199482005e-03,5.964051554097801223e-03,5.378629856816610939e-03,5.234413257432377758e-03,5.529198078090500137e-03,6.259110723316351280e-03,7.418967215787313635e-03,9.002667338490876608e-03,1.100361974889673203e-02,1.341519417755147880e-02,1.623119659397689873e-02,1.944636301090155173e-02,2.305686739744357283e-02,2.706083897706245550e-02,3.145888399238847694e-02,3.625460682439624049e-02,4.145512515975913193e-02,4.707157371519415934e-02,5.311959086609946423e-02,5.961978241238717613e-02,6.659815667982842136e-02,7.408652524106570936e-02,8.212286379144889681e-02,9.075162817263214554e-02,1.000240212286885866e-01,1.099982071033167724e-01,1.207394706942618301e-01,1.323203211624160436e-01,1.448205394677351265e-01,1.583271706245213406e-01
1.785925383901806607e-01,1.754254080193743681e-01,1.718894093163913506e-01,1.680100477353032584e-01,1.638074488588970312e-01,1.592981782739893992e-01,1.544968355652499570e-01,1.494174114900985728e-01,1.440744049031642826e-01,1.384837035153650697e-01,1.326632392798337834e-01,1.266334345788657778e-01,1.204174592263314303e-01,1.140413206228731435e-01,1.075338103909126569e-01,1.009263307387014280e-01,9.425262294227006177e-02,8.754841895403696339e-02,8.085103546577118716e-02,7.419892793884956539e-02,6.763122028428798782e-02,6.118722410486009122e-02,5.490595974493325815e-02,4.882568984990780930e-02,4.298347471990725255e-02,3.741475744556834598e-02,3.215298562634002350e-02,2.722927538073569714e-02,2.267212235086340025e-02,1.850716346910193794e-02,1.475699238384048199e-02,1.144103062677842043e-02,8.575455841482126224e-03,6.173187678603852917e-03,4.243931295714179104e-03,2.794277778464284746e-03,1.827860224819068038e-03,1.345563705710713315e-03,1.345786833910158015e-03,1.824752238065923977e-03,2.776862849902945497e-03,4.195100567767469542e-03,6.071463556174309766e-03,8.397438174606676464e-03,1.116450129403547854e-02,1.436464854965734117e-02,1.799094388528294647e-02,2.203808556002960495e-02,2.650298360288473251e-02,3.138534350780649435e-02,3.668825075644915196e-02,4.241875053718068000e-02,4.858841680489794229e-02,5.521390461351624590e-02,6.231747948225620226e-02,6.992751747355713254e-02,7.807896972581612749e-02,8.681378547210041874e-02,9.618128816522385216e-02,1.062385002892259761e-01,1.170504138054291876e-01,1.286902049381005997e-01,1.412393940451419083e-01,1.547879534326450923e-01,1.694343678408162801e-01
2.021285872143773477e-01,1.966992838927622278e-01,1.911296926942288310e-01,1.854154722791836740e-01,1.795498338825513018e-01,1.735252733598783570e-01,1.673350720180595275e-01,1.609745475127952741e-01,1.544420473036724473e-01,1.477396879063795077e-01,1.408738523550303878e-01,1.338554652775991449e-01,1.267000696435378049e-01,1.194277317483659479e-01,1.120628017315373065e-01,1.046335563278899122e-01,9.717174906072026386e-02,8.971209106281556600e-02,8.229168344369489074e-02,7.494941980663274994e-02,6.772537528563707387e-02,6.066019639205048886e-02,5.379450406397932177e-02,4.716832060369850754e-02,4.082052965692687524e-02,3.478837701373738850e-02,2.910701877147112149e-02,2.380912227364074402e-02,1.892452420628482068e-02,1.447994927886041804e-02,1.049879202848300226e-02,7.000963455531554122e-03,4.002803419739439476e-03,1.517058995763538847e-03,-4.470716953639571728e-04,-1.883831297444790243e-03,-2.790732377936412829e-03,-3.168326175990152527e-03,-3.019913667115508606e-03,-2.351202106268539260e-03,-1.169910594436748439e-03,5.146714525502574331e-04,2.692168767250437654e-03,5.351643215131052407e-03,8.482150680093560394e-03,1.207332704822027154e-02,1.611599832128731216e-02,2.060280973104355179e-02,2.552886855738478733e-02,3.089239516632476951e-02,3.669537656731301084e-02,4.294421653913885889e-02,4.965037609308881744e-02,5.683099774793243242e-02,6.450950681861888913e-02,7.271618272736078692e-02,8.148869331676873717e-02,9.087258539087891829e-02,1.009217253615128373e-01,1.116986850667980175e-01,1.232750696609113822e-01,1.357317869854285652e-01,1.491592609426420080e-01,1.636575948611349307e-01,1.793366942604137926e-01
2.258049638019370420e-01,2.181135363014582162e-01,2.105147829630875100e-01,2.029725809856529894e-01,1.954514949555098136e-01,1.879184499148316978e-01,1.803441577481755542e-01,1.727042693126198958e-01,1.649802411849244643e-01,1.571599209948293108e-01,1.492378675616405914e-01,1.412154307998867431e-01,1.331006216480938309e-01,1.249078045871348103e-01,1.166572453412484112e-01,1.083745448093732938e-01,1.000899877834617452e-01,9.183783206405632393e-02,8.365556052853105606e-02,7.558311576492823813e-02,6.766213417635953686e-02,5.993519403895800068e-02,5.244508986575606435e-02,4.523414356809950937e-02,3.834356128061965768e-02,3.181284328671369482e-02,2.567925321185374199e-02,1.997735150939789622e-02,1.473859722135578178e-02,9.991021034325501746e-03,5.758971753819818080e-03,2.062937478632626085e-03,-1.080558034974419754e-03,-3.658984074220194768e-03,-5.663757688665093000e-03,-7.090126029324106925e-03,-7.936978509427180042e-03,-8.206591534226559750e-03,-7.904309037882058589e-03,-7.038162499080052176e-03,-5.618434483138256240e-03,-3.657170077890514737e-03,-1.167640856463766181e-03,1.836233782834233250e-03,5.340502873425035865e-03,9.331832563288037716e-03,1.379818192623664605e-02,1.872950048031317080e-02,2.411844185335201493e-02,2.996108786397174220e-02,3.625767706396670897e-02,4.301333150217108436e-02,5.023877511614248392e-02,5.795103674753907669e-02,6.617413034434312114e-02,7.493970452526110826e-02,8.428765344723454511e-02,9.426668099118012956e-02,1.049348108626513565e-01,1.163598365181966326e-01,1.286197070882720561e-01,1.418028488137890453e-01,1.560084259316530386e-01,1.713465501844383676e-01,1.879384536529280503e-01
2.493537320443789118e-01,2.394351994063058930e-01,2.298434919899063622e-01,2.205088286365094186e-01,2.113654539716483260e-01,2.023532955966936553e-01,1.934193436069583105e-01,1.845187150820403188e-01,1.756153901568738296e-01,1.666826272198490000e-01,1.577030807587068428e-01,1.486686558431415672e-01,1.395801386689891621e-01,1.304466440178835562e-01,1.212849190943569300e-01,1.121185400808951266e-01,1.029770337716365697e-01,9.389495242744644310e-02,8.491092593250802734e-02,7.606671164021253095e-02,6.740625906213353058e-02,5.897480378502280990e-02,5.081800265752910162e-02,4.298112030953755297e-02,3.550827538576864506e-02,2.844175342833249118e-02,2.182139207553357788e-02,1.568404311186493219e-02,1.006311487265486304e-02,4.988197551481146109e-03,4.847730625521747320e-04,-3.425989736351587288e-03,-6.727354457067800768e-03,-9.407051986184238046e-03,-1.145723215232906031e-02,-1.287433439225585570e-02,-1.365888016660940681e-02,-1.381519043393735283e-02,-1.335103198860251167e-02,-1.227719690163509882e-02,-1.060701967150771800e-02,-8.355836994414053004e-03,-5.540395303251177683e-03,-2.178211406226177906e-03,1.713108311935577490e-03,6.116584569007411931e-03,1.101661211528488608e-02,1.639973121572221165e-02,2.225541789431899689e-02,2.857688701187742139e-02,3.536190203312909730e-02,4.261358502196452985e-02,5.034121996553977268e-02,5.856104196667923090e-02,6.729700418409910456e-02,7.658151370900737054e-02,8.645612697170310113e-02,9.697219497517961528e-02,1.081914489391669204e-01,1.201865181633315072e-01,1.330413744661493869e-01,1.468517017511738187e-01,1.617251952295325479e-01,1.777818023748630460e-01,1.951539261203851516e-01
2.725037413529505237e-01,2.604301181520082831e-01,2.489153191248325847e-01,2.378540306135770721e-01,2.271485198585697085e-01,2.167103372724783206e-01,2.064616864451490341e-01,1.963364143866112022e-01,1.862806093765474458e-01,1.762528225073731192e-01,1.662239492513015171e-01,1.561768190957511793e-01,1.461055458497442228e-01,1.360146905835066811e-01,1.259182852616861359e-01,1.158387595619184418e-01,1.058058072815878659e-01,9.585522285259431841e-02,8.602773319878036229e-02,7.636784564028506472e-02,6.692272878228393285e-02,5.774114024939045603e-02,4.887241263231737604e-02,4.036550698344299609e-02,3.226814152422402548e-02,2.462600181735999719e-02,1.748203743593719495e-02,1.087584907388193696e-02,4.843169046073631488e-03,-5.845628052976093629e-04,-5.380526666251925216e-03,-9.522753483199791064e-03,-1.299425939810731380e-02,-1.578308518801931418e-02,-1.788224274457727442e-02,-1.928957131663214253e-02,-2.000750687289494859e-02,-2.004276851494184858e-02,-1.940596637755407500e-02,-1.811113588825303058e-02,-1.617520361758740741e-02,-1.361739023501644039e-02,-1.045855629357337127e-02,-6.720496704594321538e-03,-2.425189840235539903e-03,2.405992770605025997e-03,7.753110189625289118e-03,1.359850330455133170e-02,1.992766758093846013e-02,2.673014128042372137e-02,3.400040291360294925e-02,4.173877136561645468e-02,4.995230161304200361e-02,5.865566821359690514e-02,6.787202779561818389e-02,7.763385065306591115e-02,8.798371039404559446e-02,9.897501963868847452e-02,1.106726993977166784e-01,1.231537705158372714e-01,1.365078580747301207e-01,1.508376045600833826e-01,1.662589953447281554e-01,1.829016105790263191e-01,2.009088300943266681e-01
2.949839822820262136e-01,2.808662894046142222e-01,2.675337895938457167e-01,2.548436854127905660e-01,2.426645642214080856e-01,2.308782290206365384e-01,2.193811064373839270e-01,2.080851753527780956e-01,1.969184104437576022e-01,1.858247737415368028e-01,1.747638118762393500e-01,1.637099282631624131e-01,1.526514012098175443e-01,1.415892142756417782e-01,1.305357572101203401e-01,1.195134466324732081e-01,1.085533066920492673e-01,9.769354200845313529e-02,8.697812852579250853e-02,7.645544253822261771e-02,6.617694391729732339e-02,5.619592629723607624e-02,4.656634444488102348e-02,3.734172706848969819e-02,2.857418174594442487e-02,2.031349735413687588e-02,1.260634826391346386e-02,5.495603562388353715e-03,-9.802563683480392323e-04,-6.787614478123321290e-03,-1.189808230767177601e-02,-1.628875614997936372e-02,-1.994236520643979244e-02,-2.284731362553424350e-02,-2.499761907188995103e-02,-2.639275118889692143e-02,-2.703737397834853756e-02,-2.694099671588023534e-02,-2.611753854229352523e-02,-2.458481231062680308e-02,-2.236393362151061978e-02,-1.947866124186005410e-02,-1.595467527430898327e-02,-1.181879953069827141e-02,-7.098174570629605697e-03,-1.819387809315695190e-03,3.992433001926837255e-03,1.031455673584069990e-02,1.712761019808754781e-02,2.441655771756750387e-02,3.217169284672408147e-02,4.038963569866593772e-02,4.907432887513871189e-02,5.823802402636615860e-02,6.790224978386520671e-02,7.809875012569168773e-02,8.887038027089455561e-02,1.002719452102031200e-01,1.123709644348377529e-01,1.252483460652078218e-01,1.389989554134419270e-01,1.537320681990269888e-01,1.695717082013186161e-01,1.866568834794623266e-01,2.051417536010143039e-01
3.165269889430905037e-01,3.005173399131203515e-01,2.855100096083592054e-01,2.713225748342885102e-01,2.577881120176786500e-01,2.447572685566740680e-01,2.320997652844400405e-01,2.197052692134119911e-01,2.074836496662731677e-01,1.953646821812700107e-01,1.832972921796651167e-01,1.712484387243736750e-01,1.592017340963620964e-01,1.471558832492774749e-01,1.351230128898131544e-01,1.231269457797983663e-01,1.112014633515657214e-01,9.938858943934950063e-02,8.773691987341404597e-02,7.630001659645280210e-02,6.513488047355449340e-02,5.430051370161446261e-02,4.385658034843939457e-02,3.386217179412767675e-02,2.437468249820976679e-02,1.544880042171244312e-02,7.135615485901434206e-03,-5.181514228102337711e-04,-7.470797233831280235e-03,-1.368616242634835070e-02,-1.913403372184815238e-02,-2.379042458252212874e-02,-2.763773520106784301e-02,-3.066479449105054267e-02,-3.286678738271309186e-02,-3.424507148252654148e-02,-3.480688785144431946e-02,-3.456497128308420180e-02,-3.353706600656755632e-02,-3.174535318897427766e-02,-2.921579696109042473e-02,-2.597741593187066073e-02,-2.206148728968405567e-02,-1.750069061388843591e-02,-1.232819844551318392e-02,-6.576720503998617455e-03,-2.775082091084301022e-04,6.540674095650975649e-03,1.385260507592866487e-02,2.163768354015033896e-02,2.988102086019606488e-02,3.857454256581671626e-02,4.771809244247181975e-02,5.732053142002563328e-02,6.740082188927333517e-02,7.798908574049637221e-02,8.912762139667927686e-02,1.008718616149789082e-01,1.132912503638899698e-01,1.264700146031831618e-01,1.405078067865885572e-01,1.555201983421683198e-01,1.716390153635608540e-01,1.890125267180473578e-01,2.078055213577720828e-01
3.368722461015123959e-01,3.191661394947892805e-01,3.026664702592686274e-01,2.871486964441931633e-01,2.724083119970836520e-01,2.582633060561645433e-01,2.445558207264382500e-01,2.311529548345933605e-01,2.179467682625111369e-01,2.048536062123453017e-01,1.918128889684172500e-01,1.787855115022688735e-01,1.657519804585201040e-01,1.527103929574277486e-01,1.396743382219651775e-01,1.266707824111608649e-01,1.137379803880281121e-01,1.009234454958159027e-01,8.828199923269863802e-02,7.587391628789590114e-02,6.376317602847986210e-02,5.201582860273188530e-02,4.069848187580814292e-02,2.987691408016837635e-02,1.961481609238088786e-02,9.972666465965748447e-03,1.006741644260591290e-03,-7.231736920255719611e-03,-1.469731773975554816e-02,-2.135089612678580870e-02,-2.716015347331535851e-02,-3.209986040101390353e-02,-3.615204607588005242e-02,-3.930603684575410123e-02,-4.155836820495296957e-02,-4.291257489616302767e-02,-4.337886470645687526e-02,-4.297368218386105748e-02,-4.171916907712019951e-02,-3.964252877022058502e-02,-3.677530233346084504e-02,-3.315256403595830126e-02,-2.881204425549105039e-02,-2.379318767969516510e-02,-1.813615452223032651e-02,-1.188077218957876192e-02,-5.065444448314485905e-03,2.273975309815038336e-03,1.010534058018069600e-02,1.840139233563691662e-02,2.714095828068120719e-02,3.631016537328792676e-02,4.590365980499462595e-02,5.592582758131293269e-02,6.639200692761070000e-02,7.732968072819929040e-02,8.877963292458616873e-02,1.007970472801557327e-01,1.134525205784941426e-01,1.268329562344825134e-01,1.410423004820837989e-01,1.562020848861641609e-01,1.724517498664245307e-01,1.899487479071858831e-01,2.088684633745313546e-01
3.557695581257257489e-01,3.366085648239769967e-01,3.188411623364043601e-01,3.021976188977238409e-01,2.864333865010157965e-01,2.713321380680766559e-01,2.567076330434936438e-01,2.424043975611814006e-01,2.282973576281441819e-01,2.142906381847436981e-01,2.003157546153193080e-01,1.863294006625904331e-01,1.723109983876074669e-01,1.582601353129019783e-01,1.441939782149695148e-01,1.301447247608977786e-01,1.161571333554454327e-01,1.022861570722887331e-01,8.859469794648666685e-02,7.515149184121386328e-02,6.202913044564387773e-02,4.930222485653576459e-02,3.704571402800094226e-02,2.533332071931499591e-02,1.423615715162853887e-02,3.821482227467391021e-03,-5.848388228888855289e-03,-1.471701723830294226e-02,-2.273462806482030862e-02,-2.985873157203194558e-02,-3.605460066102785660e-02,-4.129559377973941042e-02,-4.556333040418060476e-02,-4.884772231920785079e-02,-5.114686544218589870e-02,-5.246679781070256315e-02,-5.282113017026905666e-02,-5.223055632697425760e-02,-5.072225105295325581e-02,-4.832916383152844469e-02,-4.508921708904275322e-02,-4.104441776982814538e-02,-3.623989116093122992e-02,-3.072284575961411676e-02,-2.454147769961849065e-02,-1.774382281845340165e-02,-1.037656387293083536e-02,-2.483799721332519833e-03,5.894217467353313374e-03,1.472237167461237090e-02,2.397199451597174791e-02,3.362219449949223338e-02,4.366119974586302188e-02,5.408770903522458484e-02,6.491224409452740762e-02,7.615849251105551165e-02,8.786462508832572349e-02,1.000845635066452272e-01,1.128891638633605088e-01,1.263672699510746955e-01,1.406265793830970279e-01,1.557942604485430538e-01,1.720172647951174194e-01,1.894623088190274529e-01,2.083155506570300020e-01
3.729823367459619843e-01,3.526574576334723932e-01,3.338921126003150941e-01,3.163674061508521818e-01,2.997957109842434020e-01,2.839245180448146666e-01,2.685385237860970498e-01,2.534600483049083697e-01,2.385480845167419484e-01,2.236963454379911065e-01,2.088306534924437019e-01,1.939059510938040132e-01,1.789031384425784077e-01,1.638258795441273619e-01,1.486974669721344289e-01,1.335577999425621165e-01,1.184605063664560670e-01,1.034702246593765945e-01,8.866005243877912723e-02,7.410916466461546503e-02,5.990060169582809430e-02,4.611922706572967046e-02,3.284985481600046636e-02,2.017554653097950249e-02,8.176078520300498684e-03,-3.073420233168340423e-03,-1.350365877744290344e-02,-2.305220322086382750e-02,-3.166432422742856967e-02,-3.929367377077216256e-02,-4.590279274149564742e-02,-5.146345191534614644e-02,-5.595682977375013994e-02,-5.937353168474113901e-02,-6.171345596482974427e-02,-6.298551331692379962e-02,-6.320720704506503640e-02,-6.240408225562990574e-02,-6.060905294196070048e-02,-5.786161639341499269e-02,-5.420696475182153196e-02,-4.969500374258233044e-02,-4.437928862154674747e-02,-3.831588719309911989e-02,-3.156217936451930633e-02,-2.417560210678064078e-02,-1.621234790020020800e-02,-7.726023773470320176e-03,1.233723067884311608e-03,1.062260822134098413e-02,2.040313804763794342e-02,3.054605997908114295e-02,4.103183311436675584e-02,5.185211681786404403e-02,6.301127350268755090e-02,7.452787820232066596e-02,8.643622102176147515e-02,9.878777811881450654e-02,1.116526117278826558e-01,1.251206399959474691e-01,1.393026951631694266e-01,1.543312696631462255e-01,1.703608450850136735e-01,1.875677248484035053e-01,2.061493643667966502e-01
3.882907648920368437e-01,3.671468697004892645e-01,3.477025316369111718e-01,3.295843431902800158e-01,3.124577475603693699e-01,2.960319662968822207e-01,2.800622145777301175e-01,2.643495571400192312e-01,2.487390063821335040e-01,2.331164739510480088e-01,2.174050785934689423e-01,2.015611734686320600e-01,1.855703307757697595e-01,1.694434261232217742e-01,1.532128996981822477e-01,1.369292301099362397e-01,1.206576328708781065e-01,1.044749829530262492e-01,8.846695533521904686e-02,7.272537594503766800e-02,5.734577597099940749e-02,4.242514399203279468e-02,2.805987205402359075e-02,1.434389334248750703e-02,1.367010274088595670e-03,-1.078658740973778563e-02,-2.203961461828722254e-02,-3.232279306318091433e-02,-4.157576405843654843e-02,-4.974781307759442578e-02,-5.679840802316227927e-02,-6.269755416239281010e-02,-6.742596977934112168e-02,-7.097508773569567719e-02,-7.334688927603438824e-02,-7.455357751547689316e-02,-7.461709907210446746e-02,-7.356852322003465394e-02,-7.144728871251619651e-02,-6.830032903218341556e-02,-6.418108724517175567e-02,-5.914843184749642852e-02,-5.326548497889184441e-02,-4.659837412667455075e-02,-3.921491793827187877e-02,-3.118325599733931530e-02,-2.257043139120826908e-02,-1.344093361093700451e-02,-3.855207796892422527e-03,6.131865387430612997e-03,1.647251682457319399e-02,2.712766236261367550e-02,3.806850356663167567e-02,4.927815769099018472e-02,6.075331835323594110e-02,7.250594567273749291e-02,8.456497816634599152e-02,9.697804653796585073e-02,1.098131494161060789e-01,1.231602212151009373e-01,1.371324827957375314e-01,1.518674218684052390e-01,1.675272173834222444e-01,1.842984297154235396e-01,2.023908663941026420e-01
4.014947947258739047e-01,3.799367728968452429e-01,3.601868982882423520e-01,3.418098333415295342e-01,3.244191639772547875e-01,3.076836269333168561e-01,2.913291000445136225e-01,2.751372944526082054e-01,2.589422903215157223e-01,2.426258899516205991e-01,2.261124809782114609e-01,2.093638425619912535e-01,1.923741344205583403e-01,1.751651824899522758e-01,1.577821006281527882e-01,1.402892482635899329e-01,1.227665058669034498e-01,1.053058443395554489e-01,8.800816500695095301e-02,7.098039038625209018e-02,5.433279030733073611e-02,3.817653226658163090e-02,2.262144859695464430e-02,7.774015956247271909e-03,-6.264455255830356402e-03,-1.939942258722763060e-02,-3.154450467360914862e-02,-4.262266603988235092e-02,-5.256719409661413100e-02,-6.132246954524455534e-02,-6.884453235585727415e-02,-7.510144662084411449e-02,-8.007346884624191863e-02,-8.375302555707150876e-02,-8.614450740827166164e-02,-8.726388825997823118e-02,-8.713817885200673963e-02,-8.580472575970105042e-02,-8.331036719861542594e-02,-7.971045793952906411e-02,-7.506777607207089364e-02,-6.945132459141921399e-02,-6.293504075677831822e-02,-5.559642586259815056e-02,-4.751510745456190982e-02,-3.877134509348339336e-02,-2.944448950347108851e-02,-1.961140332025079064e-02,-9.344849671334087837e-03,1.288147525129671638e-03,1.222797033092080932e-02,2.342410233668231964e-02,3.483685768104180513e-02,4.643915091497320680e-02,5.821831680329449255e-02,7.017798873793053283e-02,8.234003994110404567e-02,9.474658000902180799e-02,1.074619761874093388e-01,1.205748285821518911e-01,1.341997663567548182e-01,1.484788481936546445e-01,1.635822603058140756e-01,1.797079543781806010e-01,1.970799417304074097e-01
4.124169393671658357e-01,3.909185719403618364e-01,3.712985421626542881e-01,3.530490583650596759e-01,3.357256217246429864e-01,3.189544937635830912e-01,3.024335226412823707e-01,2.859285300694169307e-01,2.692673107467012383e-01,2.523326943156798952e-01,2.350555310009299070e-01,2.174080368287836240e-01,1.993976732740952162e-01,1.810615948026621791e-01,1.624616312057102774e-01,1.436797471756941780e-01,1.248139186754095437e-01,1.059743724712260970e-01,8.728014540208588190e-02,6.885593039486437306e-02,5.082918551442421745e-02,3.332748995843500678e-02,1.647613681884451189e-02,3.959567752394302560e-04,-1.479863012720245702e-02,-2.900133560673064104e-02,-4.211549723876564094e-02,-5.405534537408885482e-02,-6.474704311786341759e-02,-7.412950041936068601e-02,-8.215496445491844713e-02,-8.878938983792723783e-02,-9.401259367333872352e-02,-9.781820201615042121e-02,-1.002133958295017696e-01,-1.012184660129603758e-01,-1.008661884371430534e-01,-9.920103113510882198e-02,-9.627820682736344671e-02,-9.216258476358663021e-02,-8.692747642152508225e-02,-8.065330988552855962e-02,-7.342620770890588566e-02,-6.533648272067674179e-02,-5.647706554206712026e-02,-4.694187650201004508e-02,-3.682415315030502373e-02,-2.621474262268566960e-02,-1.520036566888781533e-02,-3.861856164777945077e-03,7.727623650539963349e-03,1.950439616114308522e-02,3.141611828590421679e-02,4.342368214293015199e-02,5.550318530392760186e-02,6.764799330383422515e-02,7.987091760088436965e-02,9.220652548297454676e-02,1.047135776778443939e-01,1.174775438613495787e-01,1.306130611146520959e-01,1.442660611571910112e-01,1.586150995999011937e-01,1.738712253522830264e-01,1.902756862542542005e-01
4.209048197262409419e-01,4.000220711144466534e-01,3.810397163970774548e-01,3.633623509147956843e-01,3.464799234911337122e-01,3.299753940308987055e-01,3.135221939954104808e-01,2.968762561262082711e-01,2.798660275975052292e-01,2.623823796564734301e-01,2.443692798014783507e-01,2.258155011858425931e-01,2.067473594116049362e-01,1.872223550566991523e-01,1.673235741914284591e-01,1.471547103297852210e-01,1.268355953252952029e-01,1.064981524773826321e-01,8.628270806577013896e-02,6.633461632514481288e-02,4.680116751429507643e-02,2.782875973007594567e-02,9.560323095074502869e-03,-7.867009496697495094e-03,-2.432398724946398250e-02,-3.969108197648037878e-02,-5.386008328785342469e-02,-6.673544738913750329e-02,-7.823539899323218860e-02,-8.829278691225810050e-02,-9.685569531208300387e-02,-1.038878142613228056e-01,-1.093685749897632953e-01,-1.132930571045580315e-01,-1.156716768251149913e-01,-1.165296670284541314e-01,-1.159063614937404785e-01,-1.138542971525900172e-01,-1.104381493514926121e-01,-1.057335160800102480e-01,-9.982556778265844200e-02,-9.280757972529225797e-02,-8.477936390094943653e-02,-7.584561710696226255e-02,-6.611420107286619663e-02,-5.569436932900941745e-02,-4.469495383060809179e-02,-3.322252212860750398e-02,-2.137951302472216805e-02,-9.262355056046505872e-03,3.040432311544752700e-03,1.545016040552258871e-02,2.789992832308198917e-02,4.033663555845923981e-02,5.272308004474043214e-02,6.504018156460832090e-02,7.728937997133965287e-02,8.949526270025988384e-02,1.017084685192235077e-01,1.140088782836255893e-01,1.265090098263940699e-01,1.393573387180902790e-01,1.527409206280898324e-01,1.668861961262779747e-01,1.820564175182201316e-01
4.268334302963679994e-01,4.072252087998474157e-01,3.894759670178714051e-01,3.728808040568021287e-01,3.568564586925118132e-01,3.409451286427355732e-01,3.248037988542001875e-01,3.081884998550907251e-01,2.909384215664749807e-01,2.729618045763050893e-01,2.542240241704285530e-01,2.347376737562243132e-01,2.145542804602061093e-01,1.937572903843294281e-01,1.724560238591280326e-01,1.507803722610640829e-01,1.288760701692721888e-01,1.069004258276756714e-01,8.501842993266112147e-02,6.339918991292066430e-02,4.221265636736155902e-02,2.162662206936545942e-02,1.803983396315399657e-03,-1.709973969902976731e-02,-3.493862518007918860e-02,-5.157830978316911563e-02,-6.689768636580037398e-02,-8.079033508322788770e-02,-9.316568666668480214e-02,-1.039499175348763266e-01,-1.130865782884009768e-01,-1.205369591829818510e-01,-1.262801983436152298e-01,-1.303131406777436607e-01,-1.326499575953292709e-01,-1.333215396827585053e-01,-1.323746763508708568e-01,-1.298710381380132339e-01,-1.258859787564006738e-01,-1.205071750890516213e-01,-1.138331241440059122e-01,-1.059715164237722412e-01,-9.703750524300421010e-02,-8.715189119659584593e-02,-7.643924020924279528e-02,-6.502595234255240109e-02,-5.303829673876338247e-02,-4.060042566014856330e-02,-2.783237742574901780e-02,-1.484807398935424246e-02,-1.753313713611585889e-03,1.135624674898845152e-02,2.439713610048095324e-02,3.730016322398944234e-02,5.001260305845384169e-02,6.250053146910909685e-02,7.475138924913952987e-02,8.677688028758952232e-02,9.861633069457530210e-02,1.103406376725257487e-01,1.220568791037901224e-01,1.339134521068404970e-01,1.461051076659267145e-01,1.588762512343877831e-01,1.725193907756644995e-01
4.301070907012101152e-01,4.125693937289175994e-01,3.967581935714461494e-01,3.818285219962099797e-01,3.671200883788240943e-01,3.521449998836625461e-01,3.365595365126458627e-01,3.201357126931592689e-01,3.027375697451267778e-01,2.843026334945807365e-01,2.648276035221009961e-01,2.443571778252306148e-01,2.229751097354140676e-01,2.007968355655155024e-01,1.779632130324159678e-01,1.546350591653745665e-01,1.309882807578296449e-01,1.072094621651924901e-01,8.349182417927369926e-02,6.003150094746489973e-02,3.702410437117893693e-02,1.466156044150109493e-02,-6.870788206006664921e-03,-2.739681308950939545e-02,-4.675196009207420456e-02,-6.478533353819207474e-02,-8.136149836563823234e-02,-9.636199540686569975e-02,-1.096865663020273468e-01,-1.212540865805476487e-01,-1.310032077996841071e-01,-1.388927121800160314e-01,-1.449015858173550719e-01,-1.490288191851634469e-01,-1.512929461930318797e-01,-1.517313354689902305e-01,-1.503992497302815423e-01,-1.473686910510345338e-01,-1.427270514854424299e-01,-1.365755898268727619e-01,-1.290277562466166650e-01,-1.202073871335358757e-01,-1.102467926215130040e-01,-9.928475901761019129e-02,-8.746448759732046441e-02,-7.493148997123098842e-02,-6.183145838944190120e-02,-4.830812684796306766e-02,-3.450113556332292525e-02,-2.054390708912348651e-02,-6.561536760195511332e-03,7.331307190997478698e-03,2.103248828980570917e-02,3.445453897916259806e-02,4.752687637958264572e-02,6.019816848388642727e-02,7.243895890437376806e-02,8.424470890609031537e-02,9.563948311798928237e-02,1.066805855500108785e-01,1.174645156260254036e-01,1.281345574312279800e-01,1.388898567100132209e-01,1.499943358068115684e-01,1.617802077294268059e-01
4.306610532176893269e-01,4.161871032928342040e-01,4.031589353046767243e-01,3.905550679284922055e-01,3.776504608944992181e-01,3.639553557012601970e-01,3.491537657554739105e-01,3.330573968555624598e-01,3.155736840472844196e-01,2.966837490887237472e-01,2.764267911372593756e-01,2.548885558104136417e-01,2.321923949462507963e-01,2.084919965977711231e-01,1.839652179144331545e-01,1.588086710839774762e-01,1.332328472768417593e-01,1.074576480490810754e-01,8.170824733549351959e-02,5.621124157368864727e-02,3.119106760513726609e-02,6.866682060286178647e-03,-1.655149538920346400e-02,-3.886436753829525942e-02,-5.988666412704424930e-02,-7.944915490694012816e-02,-9.740056162225914360e-02,-1.136091608742414577e-01,-1.279640721320755292e-01,-1.403762278962023269e-01,-1.507790260411814298e-01,-1.591286675340516932e-01,-1.654041859300311446e-01,-1.696071781987457117e-01,-1.717612494534587753e-01,-1.719111869772783907e-01,-1.701218815083621605e-01,-1.664770160137221122e-01,-1.610775441089150328e-01,-1.540399818357357509e-01,-1.454945376643526356e-01,-1.355831063163593087e-01,-1.244571522891991244e-01,-1.122755087781041466e-01,-9.920211701281406169e-02,-8.540372981754001946e-02,-7.104760141194683964e-02,-5.629918301839054867e-02,-4.131984060074411075e-02,-2.626460683394460024e-02,-1.127997387361201129e-02,3.498273847966349142e-03,1.794719755582938059e-02,3.195883752935807509e-02,4.544238691299311989e-02,5.832648111743625463e-02,7.056172457865032832e-02,8.212365026463457063e-02,9.301642534446913357e-02,1.032778046412421991e-01,1.129861199116943687e-01,1.222704652487289351e-01,1.313254662549741270e-01,1.404310481415558809e-01,1.499719112200991467e-01
4.284627403690461911e-01,4.183590468129211315e-01,4.091354090974200775e-01,3.995824028770498804e-01,3.889713974744755665e-01,3.768722785346586557e-01,3.630428723384105938e-01,3.473665391535790681e-01,3.298161502420148827e-01,3.104320325635372968e-01,2.893074157496907661e-01,2.665780332375035644e-01,2.424141053390355127e-01,2.170137389296413200e-01,1.905972046153533717e-01,1.634017857659758044e-01,1.356770264962813832e-01,1.076802835424250510e-01,7.967253383308496584e-02,5.191441817241617546e-02,2.466251893665095951e-02,-1.834119874371818813e-03,-2.733721606033602883e-02,-5.162219922738801869e-02,-7.448086991667328405e-02,-9.572375133340635389e-02,-1.151821191699454738e-01,-1.327096977888284346e-01,-1.481840143262706522e-01,-1.615074059100313486e-01,-1.726076790107279879e-01,-1.814384238413062900e-01,-1.879789905834248487e-01,-1.922341379651111570e-01,-1.942333682668557215e-01,-1.940299661297867351e-01,-1.916997615257956533e-01,-1.873396398802787133e-01,-1.810658245763121788e-01,-1.730119588845761835e-01,-1.633270157324893113e-01,-1.521730646302902334e-01,-1.397229254963742451e-01,-1.261577390558239753e-01,-1.116644829102024783e-01,-9.643346127311337723e-02,-8.065579470257444594e-02,-6.452093388382355854e-02,-4.821421853328589080e-02,-3.191449865181632262e-02,-1.579183039353814974e-02,-5.252297798246596220e-06,1.529936119028510455e-02,2.999138440336398745e-02,4.395749713647716106e-02,5.710377548737582271e-02,6.935792523733827486e-02,8.067184541692502819e-02,9.102485231125775900e-02,1.004281623059231354e-01,1.089317541171305054e-01,1.166357627011070652e-01,1.237105254491352585e-01,1.304324949761793695e-01,1.372437651858699759e-01
4.235125909694638091e-01,4.196509447931656700e-01,4.154412729032523344e-01,4.096677696635910304e-01,4.017804913023813596e-01,3.915195432652586738e-01,3.787789713244459344e-01,3.635498131794746568e-01,3.458924315743889810e-01,3.259209116679940843e-01,3.037929124042944018e-01,2.797021719434700793e-01,2.538723793577393750e-01,2.265517831531689008e-01,1.980082183363996162e-01,1.685243914566843526e-01,1.383933476768069437e-01,1.079140913235244054e-01,7.738735861967226126e-02,4.711155702419627528e-02,1.737889438303627174e-02,-1.152827452333483362e-02,-3.934085496925820297e-02,-6.580614425215312868e-02,-9.069066199220526814e-02,-1.137826550307167034e-01,-1.348942568289788202e-01,-1.538632854097031766e-01,-1.705546683591698254e-01,-1.848614880806236926e-01,-1.967056452393799171e-01,-2.060381430647002521e-01,-2.128389997825613777e-01,-2.171168008676309935e-01,-2.189079069526442267e-01,-2.182753370587361963e-01,-2.153073502598841227e-01,-2.101157519258288753e-01,-2.028339532664792944e-01,-1.936148150006641311e-01,-1.826283075745855633e-01,-1.700590214486788210e-01,-1.561035615499743456e-01,-1.409678600492032252e-01,-1.248644411692076961e-01,-1.080096707650975985e-01,-9.062102193443954956e-02,-7.291438590494327132e-02,-5.510145487549459459e-02,-3.738720028680778129e-02,-1.996746604199755443e-02,-3.026691249060175018e-03,1.326422931132571412e-02,2.874994735885421857e-02,4.329253851744608445e-02,5.677328620989461477e-02,6.909443401601916834e-02,8.018102304279287051e-02,8.998303586473073434e-02,9.847828821911516761e-02,1.056770118916535439e-01,1.116303365263151548e-01,1.164483985338422567e-01,1.203446518873704518e-01,1.237597255953349490e-01
4.158444976556715522e-01,4.212908731736753620e-01,4.233109783570335738e-01,4.218669274531059998e-01,4.169632762259414260e-01,4.086464587965074058e-01,3.970036888118873009e-01,3.821613482706419096e-01,3.642828940137313731e-01,3.435663180139505446e-01,3.202412030827486156e-01,2.945654203941250882e-01,2.668215192457902840e-01,2.373128626955949005e-01,2.063595650972424311e-01,1.742942890977313697e-01,1.414579603473833935e-01,1.081954580221975160e-01,7.485133829067386335e-02,4.176564610801142968e-02,9.269868235480512378e-03,-2.231692278248331024e-02,-5.269168773181402698e-02,-8.157076130590108776e-02,-1.086928773092001033e-01,-1.338218468230146507e-01,-1.567488631381474817e-01,-1.772944129365856547e-01,-1.953097790017900848e-01,-2.106781255671841824e-01,-2.233151631900142375e-01,-2.331693956815379665e-01,-2.402219570578891794e-01,-2.444860516282113538e-01,-2.460060151437898912e-01,-2.448560193374201277e-01,-2.411384461378263955e-01,-2.349819613097907378e-01,-2.265393202159515229e-01,-2.159849407990588610e-01,-2.035122807310712212e-01,-1.893310569637242924e-01,-1.736643466487048648e-01,-1.567456085867947047e-01,-1.388156640344815340e-01,-1.201196748704489864e-01,-1.009041558361377933e-01,-8.141405585248409627e-02,-6.188994132176462576e-02,-4.256531189537660076e-02,-2.366407647417070881e-02,-5.398214258062999926e-03,1.203435747272055267e-02,2.845169043025597491e-02,4.368947218200622956e-02,5.760244112705928399e-02,7.006554128314149144e-02,8.097481190281964614e-02,9.024801016440900381e-02,9.782496828091205576e-02,1.036676893074122835e-01,1.077601886768362049e-01,1.101080910334647500e-01,1.107379942452935001e-01,1.096966145470138765e-01
